#Position (bp)	insert size
3874904.0	256.82219611278447
1.1624711E7	259.97940275134266
1.9374518E7	259.3130500484796
2.7124325E7	262.76257674261285
3.4874132E7	258.2205868131825
4.2623939E7	262.27628507624064
5.0373746E7	256.5716898761918
5.8123553E7	256.60704073715686
6.587336E7	256.1662892244467
7.3623167E7	252.264701794199
8.1372974E7	253.61124431818183
8.9122781E7	256.80451364315485
9.6872588E7	256.01641457413666
1.04622395E8	252.50784549345394
1.12372202E8	259.1329326048955
1.20122009E8	295.4837780787192
1.27871816E8	341.9772172115746
1.35621623E8	0.0
1.4337143E8	330.92043067772994
1.51121237E8	264.62331582296645
1.58871044E8	262.7486897677918
1.66620851E8	255.9926771590486
1.74370658E8	255.6820206245767
1.82120465E8	258.10184961718187
1.89870272E8	253.49214823020822
1.97620079E8	255.5743348675348
2.05369886E8	259.8450060080688
2.13119693E8	254.26229327135476
2.208695E8	255.36008994867808
2.28619307E8	258.53289553149693
2.36369114E8	256.74592694098567
2.44118921E8	257.8619378195438
2.484751235E8	259.05791133283134
2.52350027E8	252.0948672905045
2.59618535E8	258.67315149291016
2.67368342E8	253.23524285423125
2.75118149E8	258.70661470036856
2.82867956E8	256.6501527333154
2.90617763E8	258.23330430206187
2.9836757E8	254.96238615118523
3.06117377E8	255.6452130540476
3.13867184E8	259.3639611357454
3.21616991E8	259.24928347133556
3.29366798E8	250.5337584050295
3.37116605E8	264.5291551673015
3.44866412E8	272.8639579788415
3.52616219E8	256.6736297089805
3.60366026E8	260.39889396176966
3.68115833E8	253.0234750709392
3.7586564E8	254.34638472436825
3.83615447E8	255.20868229937338
3.91365254E8	254.8068554361986
3.99115061E8	254.3754427575422
4.06864868E8	255.56916117448475
4.14614675E8	253.67316382219383
4.22364482E8	257.81139796181293
4.30114289E8	254.28765101831885
4.37864096E8	254.36563834671796
4.45613903E8	253.94054802290026
4.5336371E8	258.4735338314038
4.61113517E8	251.566542406618
4.68863324E8	255.49639107321346
4.76613131E8	256.29399143188203
4.84362938E8	256.60830411796326
4.896938965E8	258.325592308334
4.935688E8	252.80878938710265
4.99862552E8	256.37488333688356
5.07612359E8	258.69922125935733
5.15362166E8	252.84552684474238
5.23111973E8	255.40922519152102
5.3086178E8	258.7211712345826
5.38611587E8	261.94569495458745
5.46361394E8	257.8681011266597
5.54111201E8	253.40575603411645
5.61861008E8	256.3093316029161
5.69610815E8	251.97373743426868
5.77360622E8	250.95944619687057
5.85110429E8	253.8972319185174
5.92860236E8	253.73969320338634
6.00610043E8	254.5375979050239
6.0835985E8	254.17192474374482
6.16109657E8	258.2215664870732
6.23859464E8	257.40248910045375
6.31609271E8	256.63056057783206
6.39359078E8	255.51596160054746
6.47108885E8	256.4368250219783
6.54858692E8	252.69964653468992
6.62608499E8	257.14206951305573
6.70358306E8	254.17521060242242
6.78108113E8	259.9858805421621
6.857142635E8	260.2415951169102
6.89589167E8	264.0252981319363
6.93607727E8	258.50678465620933
7.01357534E8	255.5217921479793
7.09107341E8	251.64932811693714
7.16857148E8	252.82370787151467
7.24606955E8	254.50225674460563
7.32356762E8	254.516057220157
7.40106569E8	258.63283446889346
7.47856376E8	253.44546328624224
7.55606183E8	252.51197340684288
7.6335599E8	255.21522708405354
7.71105797E8	255.89775680307568
7.78855604E8	255.95642747237375
7.86605411E8	253.39067908252068
7.94355218E8	255.45841280663166
8.02105025E8	252.99103481327788
8.09854832E8	254.39166028193839
8.17604639E8	253.29021257552026
8.25354446E8	253.3380937577717
8.33104253E8	255.29069001369115
8.4085406E8	254.62943466413992
8.48603867E8	253.00410376623222
8.56353674E8	253.32585114983831
8.64103481E8	251.66357869892315
8.71853288E8	255.06569616492501
8.776941285E8	252.96443514644352
8.81569032E8	254.32359050318803
8.87352902E8	252.74109225354417
8.95102709E8	252.9734232499063
9.02852516E8	252.45327381351052
9.10602323E8	254.89015590879634
9.1835213E8	255.6404361258215
9.26101937E8	256.97001997768257
9.33851744E8	256.8222756746496
9.41601551E8	255.41590590426676
9.49351358E8	258.6865247558021
9.57101165E8	259.08305756858687
9.64850972E8	253.41745112869444
9.72600779E8	255.5376619771211
9.80350586E8	253.17092421944866
9.88100393E8	253.26462571313317
9.958502E8	253.30163899376316
1.003600007E9	252.9444538719753
1.011349814E9	257.12149284162933
1.019099621E9	258.65399399704506
1.026849428E9	256.42907927561674
1.034599235E9	254.53956346615414
1.042349042E9	252.08178196130655
1.050098849E9	256.2809693655469
1.0575860385E9	260.08659947566633
1.061460942E9	259.35208700025146
1.065598463E9	259.9599138687026
1.07334827E9	259.45913067187746
1.081098077E9	257.08820696563413
1.088847884E9	261.40537048044865
1.096597691E9	262.3960309133567
1.104347498E9	257.4346382713467
1.112097305E9	253.86907709784992
1.119847112E9	255.3258279479272
1.127596919E9	251.47430346325075
1.135346726E9	253.29764611903283
1.143096533E9	253.16570813638282
1.15084634E9	254.33347288266796
1.158596147E9	251.44833560868358
1.166345954E9	256.020923494072
1.174095761E9	257.58977164338216
1.181845568E9	252.19770426189842
1.189595375E9	253.76801137687505
1.197345182E9	258.1832772400147
1.205094989E9	256.3786914780198
1.212844796E9	256.7356041164303
1.220594603E9	256.96444260049105
1.228236905E9	254.4960900709611
1.2321118085E9	266.42972549019606
1.236094217E9	260.7339976411654
1.243844024E9	252.4824731160142
1.251593831E9	254.7714736283214
1.259343638E9	256.6438274568375
1.267093445E9	257.4495854872205
1.274843252E9	255.8408090927131
1.282593059E9	253.44686637502585
1.290342866E9	264.89242056794535
1.298092673E9	256.9125972298381
1.30584248E9	261.17775695781273
1.313592287E9	252.55137822457
1.321342094E9	254.7119274613125
1.329091901E9	256.4130505553428
1.336841708E9	259.56404815959525
1.344591515E9	252.65751139322916
1.352341322E9	251.80961736824008
1.360091129E9	257.405547511817
1.367840936E9	257.19287242487945
1.375590743E9	257.1821333443884
1.38334055E9	257.7531010935347
1.389282865E9	256.9982880776279
1.3931577685E9	255.43414655298574
1.398840164E9	255.51567756382474
1.406589971E9	254.01327327666695
1.414339778E9	256.0019494925554
1.422089585E9	255.51044988930997
1.429839392E9	254.3651663986618
1.437589199E9	255.21879268968064
1.445339006E9	253.1193053468666
1.453088813E9	254.25379108020417
1.46083862E9	254.88347794222838
1.468588427E9	253.22014451998322
1.476338234E9	252.37460054730306
1.484088041E9	253.76510142672916
1.491837848E9	258.6039882695193
1.499587655E9	254.04290890634033
1.507337462E9	252.65330187351125
1.515087269E9	258.1359407884063
1.522837076E9	257.00496644411237
1.530586883E9	253.35899546175668
1.5354753495E9	264.7053544720311
1.539350253E9	256.2978025464167
1.546086497E9	252.88602625166308
1.553836304E9	253.5750682117049
1.561586111E9	252.20952939543082
1.569335918E9	257.5411206969762
1.577085725E9	265.00120399462327
1.584835532E9	373.46786014658176
1.592585339E9	0.0
1.600335146E9	272.77429555064924
1.608084953E9	255.80246689593545
1.61583476E9	254.39516891750068
1.623584567E9	256.93404406915005
1.631334374E9	258.8578083030159
1.639084181E9	254.40560655242118
1.646833988E9	257.66203562083376
1.654583795E9	254.199065380628
1.662333602E9	261.7364407858615
1.670083409E9	260.21713253991163
1.674420971E9	261.05457959524307
1.6782958745E9	258.0118892002828
1.685583023E9	257.1618267952879
1.69333283E9	255.93191511277993
1.701082637E9	257.7936950998866
1.708832444E9	257.0943762258544
1.716582251E9	265.451967438827
1.724332058E9	258.7284319475044
1.732081865E9	251.92233207714474
1.739831672E9	254.3733255444409
1.747581479E9	261.18241706978205
1.755331286E9	254.80205002628531
1.763081093E9	256.19667085320316
1.7708309E9	257.987454031801
1.778580707E9	257.6522344608978
1.786330514E9	255.85142357851294
1.794080321E9	254.1994957760184
1.801830128E9	254.7580401882877
1.8071930415E9	255.71927589710117
1.811067945E9	262.48766415662135
1.817329742E9	257.40322289249536
1.825079549E9	254.64595776805737
1.832829356E9	251.5633081717831
1.840579163E9	255.9986533773928
1.84832897E9	252.16163092060123
1.856078777E9	258.202914908695
1.863828584E9	264.2115949208477
1.871578391E9	264.2516725405297
1.879328198E9	262.4432759558595
1.887078005E9	256.974988363002
1.894827812E9	254.50917437404362
1.902577619E9	254.4847276893404
1.910327426E9	252.97420686320226
1.918077233E9	254.1229519758283
1.92582704E9	255.78561645346494
1.933576847E9	255.65707900554426
1.940609712E9	252.48031013591657
1.9444846155E9	263.903385807244
1.949076461E9	259.9276726089764
1.956826268E9	258.1229015067626
1.964576075E9	253.25053901196762
1.972325882E9	257.4041151924715
1.980075689E9	257.4385941882798
1.987825496E9	256.0826188319575
1.995575303E9	260.5565559096879
2.00332511E9	258.19931825209085
2.011074917E9	256.77069350140766
2.018824724E9	253.25721224398188
2.026574531E9	251.7710636504232
2.034324338E9	255.65771711854418
2.042074145E9	254.60971426036465
2.049823952E9	257.229760844608
2.057573759E9	257.77159527967615
2.065323566E9	262.14905271895043
2.073073373E9	254.21177148087904
2.0769956295E9	258.74109560508225
2.080870533E9	0.0
2.088572987E9	0.0
2.096322794E9	268.3819108092547
2.104072601E9	257.53778943741037
2.111822408E9	254.2006315259193
2.119572215E9	257.80349449664493
2.127322022E9	259.62000703556816
2.135071829E9	251.6726045599443
2.142821636E9	252.34464916795335
2.150571443E9	253.80737616478666
2.15832125E9	252.85795090004478
2.166071057E9	251.92359840526726
2.173820864E9	256.0598895737642
2.181570671E9	251.76492444137105
2.1884264425E9	259.5107944155146
2.192301346E9	0.0
2.197070285E9	0.0
2.204820092E9	250.51185770750988
2.212569899E9	261.87689527735125
2.220319706E9	252.3897299152223
2.228069513E9	254.85608122604177
2.23581932E9	251.44790025612525
2.243569127E9	257.6080676266085
2.251318934E9	255.9583892421324
2.259068741E9	260.0299564222777
2.266818548E9	258.5184906464985
2.274568355E9	251.91292448077348
2.282318162E9	259.62317156978514
2.290067969E9	255.62785551419122
2.2961969505E9	259.5597952337416
2.300071854E9	0.0
2.305567583E9	0.0
2.31331739E9	271.2751683800071
2.321067197E9	258.98864593575746
2.328817004E9	257.2723084071139
2.336566811E9	258.41999477819184
2.344316618E9	257.338218509318
2.352066425E9	258.19557687054765
2.359816232E9	259.90539875411696
2.367566039E9	259.00208211467583
2.375315846E9	258.41743340125424
2.383065653E9	255.90630825424162
2.39081546E9	258.295883514143
2.3975662905E9	257.4263643573365
2.401441194E9	262.5735362737474
2.406315074E9	258.52434032048706
2.414064881E9	261.19227417059017
2.421814688E9	259.1846259643099
2.429564495E9	263.0918094238297
2.437314302E9	268.28587624859995
2.445064109E9	285.33266091669424
2.452813916E9	253.13937135722927
2.460563723E9	255.27505070586076
2.46831353E9	260.35474024771514
2.476063337E9	256.04088584487295
2.483813144E9	258.16787338134014
2.489234305E9	266.33860695586213
2.4931092085E9	266.20065303423263
2.499312758E9	259.34798052370957
2.507062565E9	260.1728090643931
2.514812372E9	255.91335855470982
2.522562179E9	260.92983398366897
2.530311986E9	262.0228258553931
2.538061793E9	262.1222795607075
2.5458116E9	254.97000357935764
2.553561407E9	261.8519079332223
2.561311214E9	256.7984263605379
2.569061021E9	264.25522527568313
2.573486964E9	267.08167066073264
2.5773618675E9	255.15372255572512
2.584560635E9	257.84804765797344
2.592310442E9	276.812089719223
2.600060249E9	253.95347971250638
2.607810056E9	253.33560356914242
2.615559863E9	251.6755835935
2.62330967E9	254.5348081148913
2.631059477E9	253.80959888449468
2.638809284E9	253.13456262002182
2.646559091E9	253.00468361998847
2.6524226415E9	258.43250390567044
2.656297545E9	268.62526179907
2.662058705E9	264.8723265197104
2.669808512E9	266.0428435461747
2.677558319E9	257.61866224825354
2.685308126E9	252.9312408381478
2.693057933E9	263.1954358711674
2.70080774E9	263.6780912162864
2.708557547E9	261.5414736534235
2.7127306775E9	267.68209972565546
2.716605581E9	260.216438745199
2.724057161E9	253.1074815648295
2.731806968E9	254.56806909852648
2.739556775E9	256.3330187562866
2.747306582E9	261.12986402422905
2.755056389E9	255.73741627744383
2.762806196E9	259.4000217839037
2.770556003E9	254.0722028915
2.775951989E9	258.9095059024211
2.7798268925E9	0.0
2.786055617E9	264.3326128351603
2.793805424E9	254.97529078985755
2.801555231E9	251.60413053136392
2.809305038E9	257.57902882433683
2.817054845E9	257.72329651261214
2.8225564015E9	262.37539519443567
2.826431305E9	0.0
2.832554459E9	262.1378123868164
2.840304266E9	263.1183467683565
2.848054073E9	260.5285310198003
2.85580388E9	259.21083786026935
2.863553687E9	265.27262787047886
2.8712150565E9	256.82183147827874
2.87508996E9	278.48298334540186
2.879053301E9	255.98136250089948
2.886803108E9	254.2977495385489
2.894552915E9	254.33534092019963
2.902302722E9	253.06453399020631
2.910052529E9	251.92001414508488
2.917802336E9	255.1970596453618
2.925552143E9	256.098748180642
2.93330195E9	255.5733790413145
2.941051757E9	253.0261167930369
2.948801564E9	253.76524335546043
2.956551371E9	252.51487098227997
2.964301178E9	255.74556525187086
2.972050985E9	251.10285369991956
2.979800792E9	252.43178579601008
2.987550599E9	251.77105906839455
2.995300406E9	253.7471424478886
3.003050213E9	252.740748698721
3.01080002E9	252.95687083969466
3.018549827E9	251.9186674202534
3.026299634E9	255.1291125716399
3.0306084775E9	257.8021696305691
3.034483381E9	249.51715234230912
3.041799248E9	226.618098796181
3.049549055E9	254.64547677261615
3.057298862E9	239.54293628808864
3.065048669E9	0.0
3.072798476E9	0.0
3.080548283E9	0.0
3.0863465095E9	257.85204412719014
3.088278117E9	366.65353195579047
3.088373929E9	270.5147461901107
3.0884774725E9	266.7225165562914
3.0885573295E9	266.7530227596017
3.0886546005E9	312.51237824675326
3.0887081185E9	261.38580423583284
3.0887493115E9	285.5326215895611
3.088858438E9	267.80655226209046
3.088966832E9	284.47464440321585
3.089008063E9	273.57810650887575
3.089109657E9	375.12663139329806
3.089267292E9	387.6796992481203
3.08942189E9	285.1341217190655
3.089604443E9	269.29624307123794
3.089755642E9	264.37485053806296
3.0898220175E9	300.1387283236994
3.0898610755E9	269.4322916666667
3.089968525E9	270.4542382841193
3.0900764725E9	254.37094155844156
3.0901461555E9	275.92761394101876
3.090297168E9	270.63054278971555
3.090503609E9	239.78435937559635
3.0907062205E9	262.32204797047973
3.09089898E9	269.470703125
3.091013772E9	260.8793424317618
3.091052607E9	259.5929648241206
3.0911587895E9	267.3934506353861
3.091267064E9	267.21160130718954
3.0915130575E9	282.15291992775434
3.0919550875E9	269.06569343065695
3.092891467E9	266.74347527472526
3.093702736E9	257.84675792816375
3.093935951E9	259.35235668789807
3.094132646E9	265.31151048352586
3.0942642985E9	282.0418410041841
3.094360447E9	263.4028938906752
3.0944711045E9	291.4968456248817
3.0946435155E9	278.75
3.094747446E9	255.72257747171668
3.0948598115E9	260.4496130091471
3.0950026905E9	269.2102409638554
3.095104297E9	265.78855260448836
3.095190977E9	248.05392156862746
3.0952465895E9	0.0
3.0952663465E9	280.5444444444444
3.095268566E9	361.1023622047244
3.0952706195E9	264.2829457364341
3.0952723265E9	319.7125
3.0952838005E9	275.2169421487603
3.0952967465E9	287.2072864321608
3.095299555E9	248.70525059665871
3.0953008775E9	322.0357142857143
3.0953027375E9	295.3333333333333
3.0953043745E9	269.93333333333334
3.095311073E9	317.125
3.0953361175E9	240.73410404624278
3.095355552E9	231.0
3.0953574645E9	228.7596153846154
3.095360032E9	290.6375
3.095361791E9	314.46153846153845
3.095363378E9	274.75384615384615
3.095365611E9	281.10625
3.0953678415E9	227.57142857142858
3.095369933E9	258.3645833333333
3.095371677E9	266.27777777777777
3.09537289E9	285.9268292682927
3.0953743225E9	273.1818181818182
3.095375945E9	243.78362573099415
3.095572656E9	249.54331366508276
3.095769303E9	234.8709677419355
3.0957708065E9	279.015873015873
3.0957736535E9	283.6329331046312
3.095822105E9	242.4933774834437
3.095924849E9	287.84975093272806
3.095983129E9	251.7861111111111
3.095986364E9	236.459375
3.0959887305E9	230.28923766816143
3.0959909825E9	238.93211488250654
3.095993051E9	245.18764845605702
3.0959946765E9	228.87570621468927
3.096006671E9	256.3151347615757
3.0960870785E9	240.8178069353327
3.0961589785E9	264.6606334841629
3.096165879E9	242.79304897314375
3.096173123E9	239.7279726261762
3.09617898E9	233.0608875128999
3.096183283E9	241.92554991539762
3.096185859E9	276.82089552238807
3.0961883E9	241.73684210526315
3.0961908755E9	356.0
3.096192456E9	228.66666666666666
3.096238607E9	259.2715999460844
3.0962848625E9	342.7258064516129
3.096286263E9	327.0
3.0962877625E9	232.68263473053892
3.096289947E9	220.63333333333333
3.096292208E9	236.09333333333333
3.0962965075E9	295.07547169811323
3.096315547E9	282.85276073619633
3.0963533005E9	250.17027559055117
3.09637788E9	232.29848229342326
3.096382479E9	239.09302325581396
3.0963879875E9	294.2524752475247
3.0963943185E9	239.40462427745663
3.096398918E9	250.41724941724942
3.0964033365E9	238.3875
3.0964070605E9	238.57792836398838
3.0964084065E9	299.6551724137931
3.0964096105E9	0.0
3.096411644E9	242.25641025641025
3.0964135175E9	0.0
3.0964147555E9	0.0
3.0964161835E9	0.0
3.0964174105E9	170.72727272727272
3.096418484E9	295.23333333333335
3.096419946E9	249.27777777777777
3.096422275E9	201.5
3.0964254675E9	260.0
3.0964313925E9	258.6025641025641
3.0964360765E9	250.52380952380952
3.096437123E9	0.0
3.0964382945E9	262.4375
3.096440137E9	290.1
3.096442099E9	315.0769230769231
3.096443439E9	308.94444444444446
3.0964449505E9	323.8181818181818
3.0964464985E9	312.5
3.0964475915E9	411.0
3.0964489705E9	289.5263157894737
3.0964506065E9	277.10526315789474
3.0964522235E9	343.85
3.0964537525E9	336.0952380952381
3.0964552355E9	292.39622641509436
3.09645655E9	221.47368421052633
3.0964580005E9	197.875
3.0964594605E9	441.0
3.096462063E9	282.728813559322
3.0964647385E9	0.0
3.0964666345E9	296.4
3.0964687875E9	148.0
3.096470338E9	0.0
3.0964722525E9	0.0
3.096474844E9	225.11111111111111
3.0964802425E9	251.25407608695653
3.0964880595E9	258.44020356234097
3.0965833285E9	268.65105217641974
3.0967643755E9	259.85882512181917
3.0969348755E9	294.7158780979485
3.097105623E9	278.7048546221044
3.0972741855E9	277.72556390977445
3.0973604055E9	346.10245746691874
3.097450029E9	254.23853211009174
3.0976374775E9	269.5702988719619
3.0978270425E9	268.7905213575945
3.097932224E9	297.58653846153845
3.0979864125E9	260.2941058941059
3.098119023E9	290.8616144975288
3.098265051E9	292.88081395348837
3.098391091E9	270.0986937590711
3.0985448955E9	263.6543694400837
3.0986946915E9	262.731397050546
3.098783935E9	0.0
3.0988292795E9	276.7220751720487
3.098880847E9	284.42814371257487
3.098919304E9	284.6661316211878
3.0989774605E9	277.85887096774195
3.099052881E9	246.36236253990776
3.0991573655E9	281.689270512256
3.099319594E9	277.7151298918497
3.0995012675E9	257.17646669753293
3.099670145E9	269.2904734073641
3.09983663E9	0.0
