# Position (bp)	A	C	G	T	N
0.0	38.66075075886234	11.148133715031014	11.847341684423311	38.343706171831734	6.766985160273518E-5
1.0	39.216853828632956	11.001039208177518	11.792145750059078	37.979339960441564	0.01062125268888098
2.0	39.20067782008715	11.003321851497132	11.524076003953967	38.27192432446175	0.0
3.0	39.37345740664301	11.023156888717395	11.344753163661077	38.258631245861736	1.2951167770858407E-6
4.0	39.28592564414689	11.04805097584815	11.148400509087093	38.51762287091787	0.0
5.0	38.49087450034152	11.180801740616227	11.187612435967727	39.14071067551614	6.475583885429204E-7
6.0	38.478945503486976	11.373405355899742	11.189477080347537	38.95809597215509	7.608811065379314E-5
7.0	38.767985780446665	11.267168869350556	11.299419219775158	38.66538015378204	4.597664558654735E-5
8.0	38.54205168734646	11.335673423716122	11.352754071330718	38.76951757981476	3.2377919427146022E-6
9.0	39.14850015537192	11.14300861416489	11.552572134620991	38.155887365481156	3.17303610386031E-5
10.0	38.726921512795606	11.296430090253645	11.423035849693642	38.55359571073901	1.683651810211593E-5
11.0	38.38300292886126	11.405906958979099	11.196424734298214	39.014633971279586	3.140658184433164E-5
12.0	38.09231591091951	11.515308710931484	10.974896628473651	39.41747551188341	3.2377919427146022E-6
13.0	38.05974599043016	11.363759002364812	10.92833297120789	39.64815782686761	4.209129525528983E-6
14.0	38.03918536403554	11.433169167136755	11.057678550189813	39.46947898339212	4.8793524576709054E-4
15.0	38.31646857089284	11.369402797500157	11.225056528447638	39.089004433307764	6.766985160273518E-5
16.0	38.534698014286164	11.551941088971356	11.185603062288079	38.72748067946411	2.771549902963699E-4
17.0	38.70949798301427	11.456383487807631	11.477043838194094	38.35706335871221	1.1332271799501106E-5
18.0	38.47512555655296	11.534720568744834	11.411184559845724	38.578777637573474	1.9167728300870443E-4
19.0	38.38914404883901	11.560422161186104	11.183769176931724	38.866597914529144	6.66985140199208E-5
20.0	38.528313059781475	11.522929071205795	10.97784803409164	38.97068836913906	2.214657820278601E-4
21.0	38.16698313031841	11.604060661024407	10.880254861752373	39.34854496036458	1.5638654024240607E-4
22.0	38.39289459759843	11.518171310544242	10.901895276053077	39.186857821173035	1.8099463122651482E-4
23.0	38.63895444045601	11.440342920711148	11.061004054284327	38.85963415147621	6.443307230578354E-5
24.0	38.65076141123806	11.425655432348124	11.147836225280521	38.77569123997931	5.5691153981808884E-5
25.0	39.21320022249502	11.132938336287898	11.429874330388726	38.22398354916745	3.561660912959959E-6
26.0	39.208974300704796	11.183926608128408	11.235881137705961	38.371211801470515	6.151990315057639E-6
27.0	38.94987942579736	11.213188114697878	11.337725517159855	38.499206942344905	0.0
28.0	38.9658948028495	11.291354586866506	11.283320314323484	38.45943029596051	0.0
29.0	38.886693612693044	11.401155779161481	11.319716477448473	38.392434130697	0.0
30.0	38.72553333259702	11.466402442571752	11.372673373157923	38.435328358719346	6.249295395991572E-5
31.0	38.682009567617385	11.506178731395487	11.146301710036253	38.66550901954947	9.714014051243614E-7
32.0	38.61990425093244	11.380668557363622	11.08803896427893	38.9113768943044	1.1333120611738795E-5
33.0	38.9477796042446	11.09231266572723	11.148820146880919	38.81104419306946	4.3390077786914344E-5
34.0	39.257084046053706	10.991895145752279	11.220694992028077	38.53030865424271	1.716192323467204E-5
35.0	39.246999504727434	10.938630725971793	11.403949584199331	38.410407880192935	1.230490850895757E-5
36.0	39.24053278375245	11.025938362930434	11.363992547877366	38.320056384093405	0.04947992134634761
37.0	38.91733450756925	11.21458002630315	11.375983818424263	38.49210035241876	1.29528457769709E-6
38.0	38.711437850997555	11.350539157879886	11.354304927440657	38.58371644455318	1.61912871303211E-6
39.0	38.84917061382275	11.343787434954553	11.440153037566494	38.366741570591515	1.4734306468322002E-4
40.0	38.53949214013445	11.52304478028868	11.295976618469993	38.641445981515695	4.0479591185922004E-5
41.0	38.57072163124783	11.37085999255407	11.01859256283885	39.03982289877157	2.914587677782643E-6
42.0	38.807204183157666	11.165579060246845	11.14698850781306	38.88020234086161	2.590792082053624E-5
43.0	38.87993061878966	11.089921688997237	11.381369783276082	38.64877434652845	3.5624085760465446E-6
44.0	38.847694927574814	11.199216777808155	11.323284022632473	38.629772533528296	3.1738456258717026E-5
45.0	39.01503772689281	11.1072822295632	11.36124113514386	38.516437289057556	1.6193425781342024E-6
46.0	38.856157539409416	11.225826006581356	11.239224407082641	38.67878718879592	4.858130665940633E-6
47.0	38.83730974139839	11.21014378683505	11.308829584067523	38.64370943839436	7.449304672023488E-6
48.0	38.62707372669071	11.353873543569186	11.213737541388621	38.80531194944086	3.238910613791861E-6
49.0	38.66592703785693	11.24318730896413	11.361681101834922	38.72919159532649	1.2956017523881756E-5
50.0	38.41785281575141	11.328975648846642	11.306789679478593	38.946381855923356	0.0
51.0	38.47567885725045	11.331305372927877	11.280945292685518	38.908059032910764	0.004011444225389991
52.0	38.576974154322556	11.254542738880174	11.152387690742993	38.93737843396214	0.0787169820921352
53.0	38.55687961034547	11.268006048653847	11.075093212546069	39.099823847911516	1.9728054310730984E-4
54.0	38.77701424824912	11.209447787372467	11.11319250429444	38.90034481217948	6.47904492865198E-7
55.0	38.862427357792235	11.221967765331511	11.215271436639235	38.700296832344314	3.660789270572641E-5
56.0	38.677188123203706	11.29185588720019	11.229183862256331	38.801772127339774	0.0
57.0	38.803719001436626	11.15020834668432	11.43571428987984	38.61035739003651	9.71962699181886E-7
58.0	38.96809532268601	11.114866223374994	11.478444848660097	38.438593605278896	0.0
59.0	38.9613309412252	11.112819814299156	11.403591118569166	38.522257801886155	3.2402032600242313E-7
60.0	38.776086809814544	11.166596043535874	11.258195377247901	38.79911269618236	9.073219318006414E-6
61.0	38.61949918463422	11.218913507243638	11.11280421766327	39.04878309045887	0.0
62.0	38.57104146805334	11.332615089613467	11.238377402415848	38.85796571583037	3.2408697738702236E-7
63.0	38.699156832358774	11.295519611298682	11.207988100410125	38.79733448362296	9.723094595374764E-7
64.0	38.84695196552069	11.231530009075023	11.257620009219904	38.66356871075987	3.2930542452574106E-4
65.0	39.023209358529535	11.143857022182434	11.294858377232707	38.53807524205533	0.0
66.0	39.37285856773106	11.052362677081947	11.467143864208856	38.107633918513365	9.724647765478217E-7
67.0	39.37132336366595	11.107581794022552	11.55741941418972	37.963672186382944	3.2417388346077913E-6
68.0	39.0667322288358	11.27719699740066	11.453426476672279	38.2026358680215	8.4290697621228E-6
69.0	38.76208410087922	11.432670091229138	11.419044704609805	38.386200779060864	3.242209784493071E-7
70.0	38.53788061461844	11.443844000398082	11.353369803817548	38.664904932654196	6.485117362530784E-7
71.0	38.4609189762111	11.468777933264585	11.368583260006698	38.701717884725504	1.9457921126732974E-6
72.0	38.26929055965815	11.618981522019626	11.338562939343861	38.77316205990764	2.9190707200636188E-6
73.0	38.33030980437405	11.56539230551397	11.287229782144797	38.81706551295571	2.5950114712644275E-6
74.0	38.53081297357846	11.514215556569345	11.35816555085915	38.596803972556856	1.9464361785182506E-6
75.0	38.84323412657144	11.366494267836135	11.4557552066445	38.334515750079476	6.488684452935883E-7
76.0	38.85041189122788	11.334221284015623	11.469370406193633	38.34599479624127	1.6223215876168841E-6
77.0	38.77012012909255	11.344346144367684	11.36880520049993	38.51672820154158	3.2449825714419826E-7
78.0	38.672798139071304	11.382086979519308	11.32709378996942	38.61801784606582	3.245374152403199E-6
79.0	38.60674894351475	11.4466116546786	11.260837840444253	38.685801561362396	0.0
80.0	38.41592797542747	11.579604666787441	11.1950567421639	38.80940477211852	5.8435026619816666E-6
81.0	38.44315872028489	11.573073060814856	11.18189234770286	38.801875871197396	0.0
82.0	38.44472538209055	11.518505013931803	11.166559999243447	38.8702096047342	0.0
83.0	38.33806715430929	11.486562489149101	11.183670164214535	38.99169759379538	2.598531693170445E-6
84.0	38.39455721572901	11.398345620243552	11.185915031676034	39.021182132351406	0.0
85.0	38.43271220507534	11.323192513636968	11.120997463176408	39.12309781811128	0.0
86.0	38.65933515082776	11.328957455790672	11.076829436774837	38.934877956606734	0.0
87.0	38.936835595787116	11.295688966611149	11.084856598869626	38.682618513694536	3.250375674357473E-7
88.0	38.94642424586045	11.354578124409233	11.147152137672196	38.551838664963626	6.827094501389817E-6
89.0	39.025228685274946	11.349718314395476	11.221922141058698	38.4030560706621	7.478860877790975E-5
90.0	38.984817420953114	11.343558628846594	11.203205228189544	38.468366357164186	5.2364846558705225E-5
91.0	38.8158972943501	11.318627837570647	11.203767080431493	38.66169314758117	1.4640066593954118E-5
92.0	38.45183796531133	11.365288692449582	11.131207312845785	39.05166277517604	3.2542172589247705E-6
93.0	38.42896314731207	11.370427671414122	11.101617136393873	39.096373710777236	0.00261833410269954
94.0	38.589237788562954	11.326395246695169	11.087232228766567	38.99527081768985	0.0018639182854577213
95.0	38.82946651445603	11.299022229574122	11.200803897150347	38.66975222407749	9.551347420108604E-4
96.0	39.11786964957443	11.226086044670932	11.273617156643807	38.3823975075158	2.9641595037942265E-5
97.0	39.38361335636535	11.093627834860076	11.279408569815853	38.24335023895871	0.0
98.0	39.29591620183097	11.09444761570867	11.303386576894809	38.30623917639596	1.0429169584281177E-5
99.0	38.963785248073094	11.234157422218646	11.331705380168238	38.470351949540024	0.0
100.0	38.53084942886858	11.400072480880345	11.233514002185267	38.8355640880658	0.0
101.0	38.20071503713468	11.542147561215788	11.11657931986043	39.140555797673606	2.2841154943682636E-6
102.0	38.19768609481155	11.523952130451553	11.06425172533185	39.21410645801093	3.591394110761415E-6
103.0	38.33905052502297	11.444234720599827	11.033431827472892	39.183282926904305	0.0
104.0	38.56884589427481	11.336846031488692	11.002360383448757	39.09194605666658	1.6341211716928562E-6
105.0	38.884601771616296	11.23288913838854	11.088215727722266	38.79427897627809	1.4385994805093034E-5
106.0	38.97173510520136	11.209294224223596	11.184039680461447	38.6325596253822	0.0023713647313929657
107.0	38.833128878312955	11.282405300475187	11.282117993188841	38.600351729564345	0.0019960984586755983
108.0	38.53477936364726	11.415974120018758	11.250052140972585	38.798623079562574	5.712957988239433E-4
109.0	38.33510276540449	11.47276835853199	11.187708757224508	39.00434969096577	7.042787324266897E-5
110.0	38.246545241434056	11.50982770340042	11.127711033017977	39.11590979413111	6.22801643363751E-6
111.0	38.34518943516624	11.523802056577864	11.097321223377026	39.03365414960469	3.31352741761366E-5
112.0	38.319478968936075	11.549244930913638	10.995837047943011	39.13538058954569	5.846266158131285E-5
113.0	38.17476709031179	11.573196941714698	10.962998158682495	39.287119335115854	0.0019184741751619282
114.0	38.26788180745907	11.49599838437858	11.025882644071226	39.21000955889137	2.2760519974915602E-4
115.0	38.485505809821944	11.369936679158828	11.08314963892336	39.06014229173627	0.0012655803595966006
116.0	38.585068022903855	11.240037462390221	11.100463541908361	39.07436789234615	6.30804514107119E-5
117.0	38.64029566431697	11.183744530733113	11.117609846858063	39.05834929663918	6.614526711778908E-7
118.0	38.664995053692266	11.16635682419909	11.102737468876438	39.06590700918942	3.6440427849448576E-6
119.0	38.6164522495396	11.234460045609827	11.123148931928448	39.02593777703666	9.958854593891154E-7
120.0	38.42077657298071	11.346727786437356	11.161934721302599	39.07055759116172	3.3281176183391263E-6
121.0	38.262182048401634	11.440757254610316	11.169690463709918	39.127366228336605	4.004941523798749E-6
122.0	38.19921076059518	11.48166356934727	11.198425914568604	39.120407176047095	2.925794418546347E-4
123.0	38.35227239333812	11.393648421363856	11.210547933106858	39.04353091634836	3.3584280224762396E-7
124.0	38.74053972298782	11.206716227554644	11.221372034471214	38.83137201498632	0.0
125.0	39.03501256165111	11.096833754613113	11.28928274849399	38.57887093524179	0.0
126.0	39.2957528609041	11.050936008720816	11.30121205542283	38.34935224455738	0.0027468303948681447
127.0	39.37031197853941	11.142951508149308	11.254311758248784	38.23088308447796	0.0015416705845400917
128.0	39.42433191381804	11.49160146038891	11.002107164065295	38.08180209239544	1.5736933231855465E-4
129.0	36.373208241710984	10.162705729106001	13.053741424593529	40.41033224454576	1.2360043728273442E-5
