Sample	0	1	2	3	4	5	6	7	8	9	10	11	12	13	14	15	16	17	18	19	20	21	22
BACW_1	(150, 219074893.0)																						
BACW_1_val_1	(20, 5074.0)	(25, 6945.0)	(30, 8964.0)	(35, 12601.0)	(40, 17734.0)	(45, 22180.0)	(50, 27485.0)	(55, 37094.0)	(60, 52409.0)	(65, 53877.0)	(70, 92339.0)	(75, 93236.0)	(80, 141839.0)	(85, 153166.0)	(90, 208100.0)	(95, 218025.0)	(100, 409282.0)	(105, 371927.0)	(110, 956442.0)	(115, 1357117.0)	(120, 2819862.0)	(125, 86979038.0)	(130, 124938257.0)
BACW_2	(150, 219074893.0)																						
BACW_2_val_2	(20, 15260.0)	(25, 17783.0)	(30, 21855.0)	(35, 28456.0)	(40, 36315.0)	(45, 44961.0)	(50, 57412.0)	(55, 73748.0)	(60, 92059.0)	(65, 95463.0)	(70, 148635.0)	(75, 143741.0)	(80, 208666.0)	(85, 212983.0)	(90, 288142.0)	(95, 313750.0)	(100, 525714.0)	(105, 479967.0)	(110, 1065402.0)	(115, 1523410.0)	(120, 3178085.0)	(125, 108681967.0)	(130, 84417603.0)
BACW_42_1	(150, 206429352.0)																						
BACW_42_1_val_1	(20, 5563.0)	(25, 11826.0)	(30, 20094.0)	(35, 31322.0)	(40, 47697.0)	(45, 56337.0)	(50, 73162.0)	(55, 89167.0)	(60, 122343.0)	(65, 110389.0)	(70, 196776.0)	(75, 162417.0)	(80, 256903.0)	(85, 255266.0)	(90, 376936.0)	(95, 380791.0)	(100, 742494.0)	(105, 654662.0)	(110, 1541219.0)	(115, 2060361.0)	(120, 3736374.0)	(125, 82600093.0)	(130, 112815543.0)
BACW_42_2	(150, 206429352.0)																						
BACW_42_2_val_2	(20, 17283.0)	(25, 23993.0)	(30, 33867.0)	(35, 47809.0)	(40, 66092.0)	(45, 77510.0)	(50, 99114.0)	(55, 119318.0)	(60, 151474.0)	(65, 144005.0)	(70, 234848.0)	(75, 201207.0)	(80, 301579.0)	(85, 296784.0)	(90, 423133.0)	(95, 440293.0)	(100, 803718.0)	(105, 719710.0)	(110, 1620924.0)	(115, 2195960.0)	(120, 4069223.0)	(125, 109763992.0)	(130, 84495899.0)
BACW_45_1	(150, 239230044.0)																						
BACW_45_1_val_1	(20, 6295.0)	(25, 9547.0)	(30, 13591.0)	(35, 19920.0)	(40, 28844.0)	(45, 36154.0)	(50, 46116.0)	(55, 61364.0)	(60, 87667.0)	(65, 83190.0)	(70, 146958.0)	(75, 138279.0)	(80, 213386.0)	(85, 223719.0)	(90, 304754.0)	(95, 313761.0)	(100, 560542.0)	(105, 484742.0)	(110, 1166672.0)	(115, 1658255.0)	(120, 3412214.0)	(125, 96117466.0)	(130, 133998487.0)
BACW_45_2	(150, 239230044.0)																						
BACW_45_2_val_2	(20, 17826.0)	(25, 21856.0)	(30, 28055.0)	(35, 36960.0)	(40, 47745.0)	(45, 58270.0)	(50, 73628.0)	(55, 93708.0)	(60, 119044.0)	(65, 119698.0)	(70, 188582.0)	(75, 182257.0)	(80, 263971.0)	(85, 271737.0)	(90, 358416.0)	(95, 382650.0)	(100, 632449.0)	(105, 561872.0)	(110, 1264899.0)	(115, 1827049.0)	(120, 3830226.0)	(125, 129040040.0)	(130, 99710985.0)
BACW_47_1	(150, 229174399.0)																						
BACW_47_1_val_1	(20, 5506.0)	(25, 7602.0)	(30, 10508.0)	(35, 14950.0)	(40, 22343.0)	(45, 27170.0)	(50, 35091.0)	(55, 46182.0)	(60, 66669.0)	(65, 68126.0)	(70, 121237.0)	(75, 117698.0)	(80, 187896.0)	(85, 195100.0)	(90, 263598.0)	(95, 282056.0)	(100, 518253.0)	(105, 491130.0)	(110, 1162113.0)	(115, 1635174.0)	(120, 3244482.0)	(125, 92738280.0)	(130, 127806136.0)
BACW_47_2	(150, 229174399.0)																						
BACW_47_2_val_2	(20, 18237.0)	(25, 21202.0)	(30, 26229.0)	(35, 33536.0)	(40, 42435.0)	(45, 51103.0)	(50, 64345.0)	(55, 79787.0)	(60, 99953.0)	(65, 106023.0)	(70, 165533.0)	(75, 164456.0)	(80, 241690.0)	(85, 247039.0)	(90, 322897.0)	(95, 358216.0)	(100, 602483.0)	(105, 585208.0)	(110, 1289502.0)	(115, 1849164.0)	(120, 3793508.0)	(125, 123332368.0)	(130, 95572386.0)
BACW_48_1	(150, 256289364.0)																						
BACW_48_1_val_1	(20, 9128.0)	(25, 19512.0)	(30, 33211.0)	(35, 50614.0)	(40, 79966.0)	(45, 87900.0)	(50, 107529.0)	(55, 125416.0)	(60, 162418.0)	(65, 148503.0)	(70, 256981.0)	(75, 216723.0)	(80, 349613.0)	(85, 347768.0)	(90, 504215.0)	(95, 518591.0)	(100, 931796.0)	(105, 834422.0)	(110, 1824509.0)	(115, 2333669.0)	(120, 4281168.0)	(125, 102469709.0)	(130, 140477233.0)
BACW_48_2	(150, 256289364.0)																						
BACW_48_2_val_2	(20, 27014.0)	(25, 38546.0)	(30, 55481.0)	(35, 76379.0)	(40, 108637.0)	(45, 121208.0)	(50, 147520.0)	(55, 171865.0)	(60, 208018.0)	(65, 200153.0)	(70, 315618.0)	(75, 279579.0)	(80, 421542.0)	(85, 416654.0)	(90, 579830.0)	(95, 618113.0)	(100, 1038277.0)	(105, 953084.0)	(110, 1977042.0)	(115, 2604635.0)	(120, 4996513.0)	(125, 136512064.0)	(130, 104302822.0)
BACW_50_1	(150, 225699042.0)																						
BACW_50_1_val_1	(20, 5127.0)	(25, 7019.0)	(30, 9644.0)	(35, 13823.0)	(40, 20967.0)	(45, 26326.0)	(50, 33979.0)	(55, 45766.0)	(60, 69774.0)	(65, 68443.0)	(70, 131351.0)	(75, 122284.0)	(80, 208163.0)	(85, 216604.0)	(90, 317169.0)	(95, 327418.0)	(100, 600705.0)	(105, 539951.0)	(110, 1280533.0)	(115, 1738152.0)	(120, 3420532.0)	(125, 90852750.0)	(130, 125520831.0)
BACW_50_2	(150, 225699042.0)																						
BACW_50_2_val_2	(20, 19331.0)	(25, 22049.0)	(30, 26745.0)	(35, 34639.0)	(40, 43595.0)	(45, 52501.0)	(50, 66045.0)	(55, 83308.0)	(60, 106483.0)	(65, 110542.0)	(70, 179790.0)	(75, 173761.0)	(80, 266162.0)	(85, 271445.0)	(90, 379873.0)	(95, 407186.0)	(100, 685012.0)	(105, 633977.0)	(110, 1400908.0)	(115, 1943434.0)	(120, 3940462.0)	(125, 121244843.0)	(130, 93485220.0)
BACW_52_1	(150, 242548220.0)																						
BACW_52_1_val_1	(20, 10652.0)	(25, 14272.0)	(30, 18556.0)	(35, 24668.0)	(40, 32363.0)	(45, 38671.0)	(50, 46629.0)	(55, 58595.0)	(60, 77276.0)	(65, 76710.0)	(70, 120126.0)	(75, 107828.0)	(80, 157412.0)	(85, 161031.0)	(90, 226595.0)	(95, 226565.0)	(100, 395282.0)	(105, 342234.0)	(110, 715643.0)	(115, 946630.0)	(120, 2157349.0)	(125, 100574734.0)	(130, 135650415.0)
BACW_52_2	(150, 242548220.0)																						
BACW_52_2_val_2	(20, 36089.0)	(25, 41433.0)	(30, 50382.0)	(35, 61376.0)	(40, 71717.0)	(45, 83620.0)	(50, 100093.0)	(55, 119958.0)	(60, 138843.0)	(65, 145144.0)	(70, 199230.0)	(75, 191515.0)	(80, 252971.0)	(85, 254200.0)	(90, 327489.0)	(95, 352111.0)	(100, 529602.0)	(105, 492073.0)	(110, 910027.0)	(115, 1261961.0)	(120, 2841964.0)	(125, 130899888.0)	(130, 102818550.0)
BACW_53_1	(150, 206577036.0)																						
BACW_53_1_val_1	(20, 4117.0)	(25, 5630.0)	(30, 7878.0)	(35, 11116.0)	(40, 15724.0)	(45, 19366.0)	(50, 24523.0)	(55, 31833.0)	(60, 46524.0)	(65, 45498.0)	(70, 78611.0)	(75, 76311.0)	(80, 117924.0)	(85, 126194.0)	(90, 168912.0)	(95, 174927.0)	(100, 306533.0)	(105, 283135.0)	(110, 668424.0)	(115, 951758.0)	(120, 2040536.0)	(125, 84689453.0)	(130, 116597695.0)
BACW_53_2	(150, 206577036.0)																						
BACW_53_2_val_2	(20, 15644.0)	(25, 17789.0)	(30, 22186.0)	(35, 28186.0)	(40, 34504.0)	(45, 41691.0)	(50, 51585.0)	(55, 63801.0)	(60, 77516.0)	(65, 80940.0)	(70, 119750.0)	(75, 120878.0)	(80, 168011.0)	(85, 174595.0)	(90, 223773.0)	(95, 245681.0)	(100, 383463.0)	(105, 368794.0)	(110, 785382.0)	(115, 1152127.0)	(120, 2532876.0)	(125, 112130764.0)	(130, 87652686.0)
BACW_55_1	(150, 251688266.0)																						
BACW_55_1_val_1	(20, 5594.0)	(25, 8097.0)	(30, 11479.0)	(35, 16005.0)	(40, 23279.0)	(45, 27731.0)	(50, 35264.0)	(55, 46211.0)	(60, 68422.0)	(65, 64654.0)	(70, 120244.0)	(75, 104733.0)	(80, 170776.0)	(85, 172398.0)	(90, 252682.0)	(95, 250837.0)	(100, 466749.0)	(105, 385914.0)	(110, 890865.0)	(115, 1194024.0)	(120, 2524969.0)	(125, 103234024.0)	(130, 141492607.0)
BACW_55_2	(150, 251688266.0)																						
BACW_55_2_val_2	(20, 22573.0)	(25, 26451.0)	(30, 32344.0)	(35, 40554.0)	(40, 49979.0)	(45, 58903.0)	(50, 73126.0)	(55, 89740.0)	(60, 112152.0)	(65, 114499.0)	(70, 177632.0)	(75, 165842.0)	(80, 240879.0)	(85, 240451.0)	(90, 328268.0)	(95, 347534.0)	(100, 571425.0)	(105, 502935.0)	(110, 1047315.0)	(115, 1455721.0)	(120, 3137013.0)	(125, 135821591.0)	(130, 106910631.0)
BACW_56_1	(150, 289829482.0)																						
BACW_56_1_val_1	(20, 6481.0)	(25, 9992.0)	(30, 14693.0)	(35, 22409.0)	(40, 33892.0)	(45, 42002.0)	(50, 53764.0)	(55, 72240.0)	(60, 101633.0)	(65, 97333.0)	(70, 176378.0)	(75, 160779.0)	(80, 254782.0)	(85, 260373.0)	(90, 368637.0)	(95, 376431.0)	(100, 706140.0)	(105, 597538.0)	(110, 1462970.0)	(115, 1970020.0)	(120, 4007643.0)	(125, 116206847.0)	(130, 162714566.0)
BACW_56_2	(150, 289829482.0)																						
BACW_56_2_val_2	(20, 23102.0)	(25, 28026.0)	(30, 35771.0)	(35, 47113.0)	(40, 60808.0)	(45, 74064.0)	(50, 92752.0)	(55, 117299.0)	(60, 146931.0)	(65, 148661.0)	(70, 234902.0)	(75, 223687.0)	(80, 325861.0)	(85, 329271.0)	(90, 445282.0)	(95, 474330.0)	(100, 810644.0)	(105, 713683.0)	(110, 1613417.0)	(115, 2228592.0)	(120, 4645513.0)	(125, 156211081.0)	(130, 120686753.0)
BACW_57_1	(150, 217871798.0)																						
BACW_57_1_val_1	(20, 6702.0)	(25, 13455.0)	(30, 21014.0)	(35, 32437.0)	(40, 47694.0)	(45, 53391.0)	(50, 63908.0)	(55, 78009.0)	(60, 102283.0)	(65, 95203.0)	(70, 163304.0)	(75, 137532.0)	(80, 217626.0)	(85, 214516.0)	(90, 316239.0)	(95, 322175.0)	(100, 609402.0)	(105, 532306.0)	(110, 1229708.0)	(115, 1620232.0)	(120, 3144166.0)	(125, 85995696.0)	(130, 122749731.0)
BACW_57_2	(150, 217871798.0)																						
BACW_57_2_val_2	(20, 23405.0)	(25, 31275.0)	(30, 42521.0)	(35, 58742.0)	(40, 77060.0)	(45, 87449.0)	(50, 105293.0)	(55, 125526.0)	(60, 149297.0)	(65, 148816.0)	(70, 225059.0)	(75, 202285.0)	(80, 292432.0)	(85, 287567.0)	(90, 397299.0)	(95, 423972.0)	(100, 720882.0)	(105, 656701.0)	(110, 1395121.0)	(115, 1894318.0)	(120, 3825061.0)	(125, 116154386.0)	(130, 90442262.0)
BACW_58_1	(150, 234217760.0)																						
BACW_58_1_val_1	(20, 6236.0)	(25, 10091.0)	(30, 15410.0)	(35, 24360.0)	(40, 38170.0)	(45, 45255.0)	(50, 57106.0)	(55, 72687.0)	(60, 100722.0)	(65, 96342.0)	(70, 172083.0)	(75, 156927.0)	(80, 254673.0)	(85, 264502.0)	(90, 371332.0)	(95, 391110.0)	(100, 705163.0)	(105, 628120.0)	(110, 1417247.0)	(115, 1851069.0)	(120, 3548538.0)	(125, 93540637.0)	(130, 130364025.0)
BACW_58_2	(150, 234217760.0)																						
BACW_58_2_val_2	(20, 18838.0)	(25, 23865.0)	(30, 31295.0)	(35, 43013.0)	(40, 59138.0)	(45, 70111.0)	(50, 87782.0)	(55, 108518.0)	(60, 135924.0)	(65, 136780.0)	(70, 217858.0)	(75, 206543.0)	(80, 310422.0)	(85, 318308.0)	(90, 432071.0)	(95, 469295.0)	(100, 787510.0)	(105, 717688.0)	(110, 1532794.0)	(115, 2047715.0)	(120, 4048999.0)	(125, 124997007.0)	(130, 97330331.0)
BACW_59_1	(150, 220881881.0)																						
BACW_59_1_val_1	(20, 5873.0)	(25, 9471.0)	(30, 13551.0)	(35, 21264.0)	(40, 29940.0)	(45, 36095.0)	(50, 42847.0)	(55, 56704.0)	(60, 77033.0)	(65, 76320.0)	(70, 132453.0)	(75, 115364.0)	(80, 182134.0)	(85, 186305.0)	(90, 273597.0)	(95, 277987.0)	(100, 537490.0)	(105, 450781.0)	(110, 1050859.0)	(115, 1360299.0)	(120, 2753514.0)	(125, 88261118.0)	(130, 124837502.0)
BACW_59_2	(150, 220881881.0)																						
BACW_59_2_val_2	(20, 20187.0)	(25, 25021.0)	(30, 31471.0)	(35, 42920.0)	(40, 53799.0)	(45, 63462.0)	(50, 76057.0)	(55, 95547.0)	(60, 115414.0)	(65, 119832.0)	(70, 182050.0)	(75, 167812.0)	(80, 241328.0)	(85, 242683.0)	(90, 336825.0)	(95, 359249.0)	(100, 623703.0)	(105, 546479.0)	(110, 1178666.0)	(115, 1574329.0)	(120, 3283443.0)	(125, 118825672.0)	(130, 92582552.0)
BACW_64_1	(150, 250636042.0)																						
BACW_64_1_val_1	(20, 6080.0)	(25, 8852.0)	(30, 12755.0)	(35, 18889.0)	(40, 27785.0)	(45, 35418.0)	(50, 46386.0)	(55, 62717.0)	(60, 88620.0)	(65, 88220.0)	(70, 158913.0)	(75, 143289.0)	(80, 230316.0)	(85, 235987.0)	(90, 339420.0)	(95, 344955.0)	(100, 656100.0)	(105, 561146.0)	(110, 1348401.0)	(115, 1812891.0)	(120, 3558209.0)	(125, 101096589.0)	(130, 139658949.0)
BACW_64_2	(150, 250636042.0)																						
BACW_64_2_val_2	(20, 20374.0)	(25, 24580.0)	(30, 30686.0)	(35, 40855.0)	(40, 52061.0)	(45, 63496.0)	(50, 80364.0)	(55, 102709.0)	(60, 128714.0)	(65, 132646.0)	(70, 212352.0)	(75, 198395.0)	(80, 292037.0)	(85, 296828.0)	(90, 406247.0)	(95, 429283.0)	(100, 749438.0)	(105, 659061.0)	(110, 1474999.0)	(115, 2024964.0)	(120, 4068845.0)	(125, 133908774.0)	(130, 105143179.0)
