Sample	0	1	2	3	4	5	6	7	8	9	10	11	12	13	14	15
BACW_1	(1.0, 66.19698414875536)	(2.0, 19.46292975467935)	(3.0, 5.2494714709810015)	(4.0, 1.5643631142049783)	(5.0, 0.6227093525894779)	(6.0, 0.3942822036987407)	(7.0, 0.2885474189648441)	(8.0, 0.22070942903820956)	(9.0, 0.20777878471220315)	('>10', 2.5012515191414897)	('>50', 1.0127398255766429)	('>100', 1.6743638265177145)	('>500', 0.3325984322854853)	('>1k', 0.21269116731349766)	('>5k', 0.0059341079258093295)	('>10k+', 0.05264544361526732)
BACW_1_val_1	(1.0, 66.04533495302839)	(2.0, 19.50523907659648)	(3.0, 5.2654682642264765)	(4.0, 1.599988588187223)	(5.0, 0.6475400774406124)	(6.0, 0.376246728162783)	(7.0, 0.28050920557274667)	(8.0, 0.21567706098884815)	(9.0, 0.20174880604082146)	('>10', 2.5539153261287963)	('>50', 0.9925567357595186)	('>100', 1.7211471237536111)	('>500', 0.32475316693386647)	('>1k', 0.18837031772867072)	('>5k', 0.012867996230151469)	('>10k+', 0.06863657322093175)
BACW_2	(1.0, 66.35532826303854)	(2.0, 19.190743253065488)	(3.0, 5.235158519818375)	(4.0, 1.4861623821979848)	(5.0, 0.673431182545968)	(6.0, 0.3562600377606)	(7.0, 0.27849187669096725)	(8.0, 0.24561385493312585)	(9.0, 0.23169419660306134)	('>10', 2.6528683662376573)	('>50', 1.0439830075885392)	('>100', 1.6684828605549409)	('>500', 0.29564608002348297)	('>1k', 0.19640604403660883)	('>5k', 0.010581494617286547)	('>10k+', 0.07914858028713306)
BACW_2_val_2	(1.0, 73.24657671409255)	(2.0, 15.556174729332147)	(3.0, 3.889585395068846)	(4.0, 1.1592069764848516)	(5.0, 0.45402775130622697)	(6.0, 0.2814726773753946)	(7.0, 0.2196473358421641)	(8.0, 0.17975951066521567)	(9.0, 0.16082788499976142)	('>10', 2.236667839401156)	('>50', 0.8430026636749365)	('>100', 1.2583646402103765)	('>500', 0.2458229679892727)	('>1k', 0.14541797702608858)	('>5k', 0.007719491728389426)	('>10k+', 0.11572544480269137)
BACW_42_1	(1.0, 73.59118420623312)	(2.0, 15.577902493269447)	(3.0, 3.600897502346217)	(4.0, 1.0648803027930702)	(5.0, 0.41128803724870144)	(6.0, 0.2875767869058789)	(7.0, 0.2037529824649039)	(8.0, 0.19081812865333367)	(9.0, 0.14489944291902318)	('>10', 2.1120469719246238)	('>50', 0.855052160063576)	('>100', 1.460219198609811)	('>500', 0.2739555013103877)	('>1k', 0.15666159073326272)	('>5k', 0.012049222129999985)	('>10k+', 0.05681547239473442)
BACW_42_1_val_1	(1.0, 73.61078604406516)	(2.0, 15.638858932499458)	(3.0, 3.5381599636287877)	(4.0, 1.029695051720514)	(5.0, 0.4171745954338468)	(6.0, 0.2845110020189413)	(7.0, 0.23266054976321615)	(8.0, 0.17479036595814393)	(9.0, 0.14886010316748688)	('>10', 2.048415046128879)	('>50', 0.8519826531141722)	('>100', 1.5026320663192956)	('>500', 0.26787825569400836)	('>1k', 0.1597076306403999)	('>5k', 0.013261071727017633)	('>10k+', 0.08062666812046086)
BACW_42_2	(1.0, 73.35911732538206)	(2.0, 15.49258619674075)	(3.0, 3.6530072431696348)	(4.0, 0.9925432629668681)	(5.0, 0.4350363986898747)	(6.0, 0.2854419961991712)	(7.0, 0.17769882668177323)	(8.0, 0.19571915888703614)	(9.0, 0.16980047169667087)	('>10', 2.3687460020965245)	('>50', 0.8639157291609929)	('>100', 1.4480099253009628)	('>500', 0.2840282683833684)	('>1k', 0.16154141328243338)	('>5k', 0.016536909129310662)	('>10k+', 0.09627087223278691)
BACW_42_2_val_2	(1.0, 73.90336592997149)	(2.0, 15.1552153325641)	(3.0, 3.6133549571112775)	(4.0, 1.0199781011041233)	(5.0, 0.41687330380330956)	(6.0, 0.29926893349068556)	(7.0, 0.2055512729563598)	(8.0, 0.1626870986453093)	(9.0, 0.16871929959436735)	('>10', 2.2383140875476095)	('>50', 0.8331472620446553)	('>100', 1.374967455672404)	('>500', 0.25895480028887474)	('>1k', 0.18439945001328986)	('>5k', 0.021222705462857275)	('>10k+', 0.14398000972919223)
BACW_45_1	(1.0, 70.82191411637255)	(2.0, 16.598264092824753)	(3.0, 4.3190706893013475)	(4.0, 1.2770556730540157)	(5.0, 0.5328912092658649)	(6.0, 0.33737385993973396)	(7.0, 0.24859449101057599)	(8.0, 0.1947261066161315)	(9.0, 0.14083353832205717)	('>10', 2.3384188265294545)	('>50', 0.8663763105102661)	('>100', 1.6675928543068947)	('>500', 0.3553343679216851)	('>1k', 0.2323410305826753)	('>5k', 0.017244976903365232)	('>10k+', 0.05196785653868281)
BACW_45_1_val_1	(1.0, 70.80133887055095)	(2.0, 16.667103351677092)	(3.0, 4.284395646891191)	(4.0, 1.2698464925466013)	(5.0, 0.5417765031653333)	(6.0, 0.311366897252349)	(7.0, 0.23557399630209858)	(8.0, 0.1717280694043239)	(9.0, 0.1537910451403024)	('>10', 2.355056557348426)	('>50', 0.9116366394592987)	('>100', 1.6324098208957447)	('>500', 0.35561873009875355)	('>1k', 0.21330716954484416)	('>5k', 0.02117441857067943)	('>10k+', 0.07387579115206648)
BACW_45_2	(1.0, 71.15089109016796)	(2.0, 16.39137043818029)	(3.0, 4.157601144515407)	(4.0, 1.2408771217256465)	(5.0, 0.541758443008297)	(6.0, 0.3213358530601487)	(7.0, 0.24554769804615711)	(8.0, 0.20566738209249713)	(9.0, 0.17974968466354058)	('>10', 2.4507795982088036)	('>50', 0.8549688795355934)	('>100', 1.6305645508381643)	('>500', 0.3261409677388483)	('>1k', 0.1908055132177768)	('>5k', 0.025707053189830225)	('>10k+', 0.08623458181105206)
BACW_45_2_val_2	(1.0, 72.06372156346794)	(2.0, 15.966807753596889)	(3.0, 3.964683137693041)	(4.0, 1.1796004736770918)	(5.0, 0.5285953725726111)	(6.0, 0.3082501191456372)	(7.0, 0.2554359490624269)	(8.0, 0.2045941377787951)	(9.0, 0.16471021477350178)	('>10', 2.3880158078205254)	('>50', 0.7940136608713801)	('>100', 1.5454468154061145)	('>500', 0.2870223509078552)	('>1k', 0.18925587511446954)	('>5k', 0.0172325402359772)	('>10k+', 0.14261422787587275)
BACW_47_1	(1.0, 71.96641329818077)	(2.0, 16.31640080984134)	(3.0, 4.057353365426754)	(4.0, 1.2469440011584518)	(5.0, 0.48231843669363395)	(6.0, 0.30963542280194073)	(7.0, 0.25376099363654553)	(8.0, 0.16488353515766552)	(9.0, 0.16991998299546002)	('>10', 2.1880330647592516)	('>50', 0.858197601639199)	('>100', 1.543124934167924)	('>500', 0.25900321481771793)	('>1k', 0.13984565151343867)	('>5k', 0.003218981702160589)	('>10k+', 0.04094670550782718)
BACW_47_1_val_1	(1.0, 71.73282015541425)	(2.0, 16.364166594505562)	(3.0, 4.175078598201262)	(4.0, 1.2316590551685924)	(5.0, 0.5131458488109522)	(6.0, 0.29657633823783125)	(7.0, 0.2287272308948377)	(8.0, 0.2058031143880955)	(9.0, 0.15588762658904218)	('>10', 2.1790808209577506)	('>50', 0.8674291529527235)	('>100', 1.5672134631301964)	('>500', 0.27594152069425976)	('>1k', 0.13999129225325865)	('>5k', 0.002851897398149909)	('>10k+', 0.0636272904031838)
BACW_47_2	(1.0, 72.41155077694891)	(2.0, 15.826485765178145)	(3.0, 4.030632560784034)	(4.0, 1.19051385382752)	(5.0, 0.5180402756997255)	(6.0, 0.333460797776746)	(7.0, 0.24366339242221732)	(8.0, 0.18478823719868606)	(9.0, 0.17384170323410075)	('>10', 2.2720811300629773)	('>50', 0.876165537025893)	('>100', 1.4166153560348247)	('>500', 0.275594735456096)	('>1k', 0.16511964400678064)	('>5k', 0.006807261571011001)	('>10k+', 0.07463897277230694)
BACW_47_2_val_2	(1.0, 73.33653296784532)	(2.0, 15.34218857964329)	(3.0, 3.830712861876689)	(4.0, 1.125242985274165)	(5.0, 0.47893917954983145)	(6.0, 0.3063934028122241)	(7.0, 0.22760289377031068)	(8.0, 0.20169549211768084)	(9.0, 0.15779883457013286)	('>10', 2.1930646495300854)	('>50', 0.8526984218255638)	('>100', 1.3681807645182245)	('>500', 0.285084572660461)	('>1k', 0.1717959994445001)	('>5k', 0.006005235190922683)	('>10k+', 0.11606315937057053)
BACW_48_1	(1.0, 71.10156579606351)	(2.0, 16.586652027511086)	(3.0, 4.351801106481414)	(4.0, 1.2842592258310908)	(5.0, 0.5319760989829897)	(6.0, 0.3324297650150024)	(7.0, 0.22466164710331374)	(8.0, 0.1627888930142261)	(9.0, 0.13884898344133928)	('>10', 2.16345200709624)	('>50', 0.8766780240718065)	('>100', 1.6213434964002085)	('>500', 0.31078375149221915)	('>1k', 0.2490804888060396)	('>5k', 0.013780276713376154)	('>10k+', 0.049898411975977996)
BACW_48_1_val_1	(1.0, 71.15875430732342)	(2.0, 16.505232094528143)	(3.0, 4.352842714550223)	(4.0, 1.2999405099367158)	(5.0, 0.5408404577909692)	(6.0, 0.3163879715533001)	(7.0, 0.24857122888231992)	(8.0, 0.1787291324512959)	(9.0, 0.16378606993418254)	('>10', 2.1741893046798917)	('>50', 0.8613153044011385)	('>100', 1.563425454823221)	('>500', 0.28872147208763527)	('>1k', 0.2554728191930302)	('>5k', 0.0203755889114155)	('>10k+', 0.0714155689529583)
BACW_48_2	(1.0, 72.52262904852984)	(2.0, 15.552992032245108)	(3.0, 4.013482640172141)	(4.0, 1.1951179463130615)	(5.0, 0.5128703539387616)	(6.0, 0.33932348155458275)	(7.0, 0.23458129194788477)	(8.0, 0.19868683693161707)	(9.0, 0.14779789086860218)	('>10', 2.210759026806776)	('>50', 0.8895527465080242)	('>100', 1.513802313993624)	('>500', 0.33436101323799705)	('>1k', 0.23047459005900603)	('>5k', 0.02371746861106463)	('>10k+', 0.07985131828175761)
BACW_48_2_val_2	(1.0, 73.54436735889308)	(2.0, 14.910703084659923)	(3.0, 3.86355089332635)	(4.0, 1.1787528021036484)	(5.0, 0.5296513790680502)	(6.0, 0.3232443294739169)	(7.0, 0.24148579153720826)	(8.0, 0.16867597435278708)	(9.0, 0.15373669604543946)	('>10', 2.1381449882789934)	('>50', 0.8306338990453431)	('>100', 1.4171421351178473)	('>500', 0.32428202861150085)	('>1k', 0.23378285888189998)	('>5k', 0.01941254633901725)	('>10k+', 0.12243323426501676)
BACW_50_1	(1.0, 66.30703335588188)	(2.0, 19.164630134044007)	(3.0, 6.211074999790829)	(4.0, 1.9886564049380124)	(5.0, 0.7579065033481899)	(6.0, 0.39951885408770804)	(7.0, 0.2507577888252006)	(8.0, 0.1748727632757848)	(9.0, 0.13693299172715612)	('>10', 1.9450657557618514)	('>50', 0.8218516947539898)	('>100', 1.3950215426636587)	('>500', 0.23942218222467848)	('>1k', 0.15535703620156677)	('>5k', 0.0)	('>10k+', 0.05189799247539972)
BACW_50_1_val_1	(1.0, 66.09736121943244)	(2.0, 19.20031662779546)	(3.0, 6.253941652289758)	(4.0, 2.0142758193112247)	(5.0, 0.7757511620173763)	(6.0, 0.3954578786628399)	(7.0, 0.25670941200748976)	(8.0, 0.19882242155675908)	(9.0, 0.15489863348532412)	('>10', 1.9899191505113145)	('>50', 0.7853053639494956)	('>100', 1.4111240171277357)	('>500', 0.2653783898553525)	('>1k', 0.1264101723599274)	('>5k', 0.006201980277083325)	('>10k+', 0.06812609936026817)
BACW_50_2	(1.0, 66.45301405414074)	(2.0, 18.94379931261682)	(3.0, 6.120244165986746)	(4.0, 1.9757086192982327)	(5.0, 0.712622336086895)	(6.0, 0.3603893321162919)	(7.0, 0.20470199918633014)	(8.0, 0.18877023526198428)	(9.0, 0.17382988496828697)	('>10', 2.1625846141494898)	('>50', 0.8296956870700678)	('>100', 1.355870247651286)	('>500', 0.27730349740224136)	('>1k', 0.13782462199829357)	('>5k', 0.01522792405881571)	('>10k+', 0.08841346800759267)
BACW_50_2_val_2	(1.0, 67.40839863872608)	(2.0, 18.44113656802933)	(3.0, 5.848045958192054)	(4.0, 1.842099041545001)	(5.0, 0.6873352471691764)	(6.0, 0.36520253479303433)	(7.0, 0.24153015487640622)	(8.0, 0.20764554444619565)	(9.0, 0.15676973122557405)	('>10', 2.0943612965386422)	('>50', 0.8332496626411594)	('>100', 1.316632128523334)	('>500', 0.25406257474748417)	('>1k', 0.151699154229795)	('>5k', 0.012754925850950984)	('>10k+', 0.13907683846565772)
BACW_52_1	(1.0, 58.11669327648712)	(2.0, 21.536339771251917)	(3.0, 8.896758186380204)	(4.0, 3.461121555408237)	(5.0, 1.4200851130153358)	(6.0, 0.631844340361809)	(7.0, 0.350437371408748)	(8.0, 0.21570188951043276)	(9.0, 0.18878126675856488)	('>10', 2.231958255223474)	('>50', 0.9280222582065206)	('>100', 1.454027947097676)	('>500', 0.27331140095162504)	('>1k', 0.19318151032038564)	('>5k', 0.028048773978933468)	('>10k+', 0.07368708363929014)
BACW_52_1_val_1	(1.0, 58.075017580852204)	(2.0, 21.73162348750508)	(3.0, 8.816725318901652)	(4.0, 3.4612083677057157)	(5.0, 1.3935774808442756)	(6.0, 0.6050835746108695)	(7.0, 0.31858876302889155)	(8.0, 0.2507324335264598)	(9.0, 0.17085587667763)	('>10', 2.291765009700334)	('>50', 0.8716040685978357)	('>100', 1.5098127561957138)	('>500', 0.2684568997580311)	('>1k', 0.16684766889123923)	('>5k', 0.009391911009186734)	('>10k+', 0.058708802194820546)
BACW_52_2	(1.0, 59.36308155800922)	(2.0, 21.085961157748134)	(3.0, 8.412128576125665)	(4.0, 3.231934368628707)	(5.0, 1.3519278611408982)	(6.0, 0.5848015731917144)	(7.0, 0.32939844307421245)	(8.0, 0.21565425535874988)	(9.0, 0.1787532652291987)	('>10', 2.3878464249882287)	('>50', 0.8770751301011626)	('>100', 1.4058347677598246)	('>500', 0.2655193388041154)	('>1k', 0.18165169982506735)	('>5k', 0.02243775366477099)	('>10k+', 0.10599382635028001)
BACW_52_2_val_2	(1.0, 60.746795342150406)	(2.0, 20.46248395107536)	(3.0, 8.135753562973896)	(4.0, 3.122158824571403)	(5.0, 1.2361709225918067)	(6.0, 0.5698228776932963)	(7.0, 0.2954554689235386)	(8.0, 0.23861336468303232)	(9.0, 0.17974876012217272)	('>10', 2.2633920478032734)	('>50', 0.8263309625836182)	('>100', 1.3864039375072854)	('>500', 0.24009804464286857)	('>1k', 0.15292480124723462)	('>5k', 0.01854567263528953)	('>10k+', 0.12530145879530857)
BACW_53_1	(1.0, 73.28894190138755)	(2.0, 16.024696243431325)	(3.0, 3.693059980273161)	(4.0, 1.1102038877825537)	(5.0, 0.44939038888890237)	(6.0, 0.2846881733520258)	(7.0, 0.2078266277302605)	(8.0, 0.17889745677797145)	(9.0, 0.1659481800286898)	('>10', 1.9673027846943278)	('>50', 0.8303559326744173)	('>100', 1.3756402900583542)	('>500', 0.23599726428047035)	('>1k', 0.14192561381562208)	('>5k', 0.005865449134740982)	('>10k+', 0.039259825689781654)
BACW_53_1_val_1	(1.0, 73.28416800474193)	(2.0, 16.001613464011665)	(3.0, 3.7085377662086256)	(4.0, 1.1210376061528837)	(5.0, 0.4413428645151173)	(6.0, 0.281654278805585)	(7.0, 0.2097973193146942)	(8.0, 0.16388449722955584)	(9.0, 0.16292772924239132)	('>10', 2.0084082150441014)	('>50', 0.8097665187794305)	('>100', 1.38463386731439)	('>500', 0.22554160725770314)	('>1k', 0.13475722596649467)	('>5k', 0.01095770289288445)	('>10k+', 0.05097133252241349)
BACW_53_2	(1.0, 73.59411332469686)	(2.0, 15.63362531294532)	(3.0, 3.5861346312568285)	(4.0, 1.0898943133730683)	(5.0, 0.45124604067609897)	(6.0, 0.28060441563720606)	(7.0, 0.2577039578338827)	(8.0, 0.18383677695608466)	(9.0, 0.15989973311127834)	('>10', 2.1089121360470364)	('>50', 0.821908586826871)	('>100', 1.37366655949068)	('>500', 0.22234315021299345)	('>1k', 0.159500148452348)	('>5k', 0.009881547615409785)	('>10k+', 0.06672936486791269)
BACW_53_2_val_2	(1.0, 74.38862936321553)	(2.0, 15.179951472515924)	(3.0, 3.4790414731075017)	(4.0, 1.0246287966299132)	(5.0, 0.4171433934019441)	(6.0, 0.31842908980716744)	(7.0, 0.18771235414051657)	(8.0, 0.16479039551469274)	(9.0, 0.1598383065171319)	('>10', 2.0187787606280843)	('>50', 0.8367733874743442)	('>100', 1.3267597667783064)	('>500', 0.2397642995318615)	('>1k', 0.13755551223918552)	('>5k', 0.009736586171750277)	('>10k+', 0.11046704232612885)
BACW_55_1	(1.0, 70.88110813212471)	(2.0, 17.1302305977035)	(3.0, 4.445187611280569)	(4.0, 1.351913032595959)	(5.0, 0.5522654892572054)	(6.0, 0.30565878147772024)	(7.0, 0.21380698763926337)	(8.0, 0.16488635949794903)	(9.0, 0.1389339050272028)	('>10', 2.0629503223866563)	('>50', 0.821644929791829)	('>100', 1.4367827939103046)	('>500', 0.30161417260430856)	('>1k', 0.15344141721951668)	('>5k', 0.003024062625494901)	('>10k+', 0.03655140485773109)
BACW_55_1_val_1	(1.0, 70.8308570001129)	(2.0, 17.147690532814295)	(3.0, 4.491450706185991)	(4.0, 1.3347449159313511)	(5.0, 0.5571778004034112)	(6.0, 0.3096093234527445)	(7.0, 0.2227665217814004)	(8.0, 0.1778516017929518)	(9.0, 0.13791438787548568)	('>10', 2.0614630396378533)	('>50', 0.7941641808085393)	('>100', 1.4451700311906235)	('>500', 0.26617444022833675)	('>1k', 0.1641687435646748)	('>5k', 0.005243949409305228)	('>10k+', 0.05355282481008429)
BACW_55_2	(1.0, 71.56940784301626)	(2.0, 16.55998589742797)	(3.0, 4.335973381914573)	(4.0, 1.2995722482702516)	(5.0, 0.4881922881088961)	(6.0, 0.3175424418206453)	(7.0, 0.21373765064039768)	(8.0, 0.19280449665101276)	(9.0, 0.15787360322326516)	('>10', 2.1591617909673935)	('>50', 0.822461071269493)	('>100', 1.3649572000617045)	('>500', 0.2662417931070554)	('>1k', 0.17458644270735746)	('>5k', 0.014226521325058741)	('>10k+', 0.06327532948879683)
BACW_55_2_val_2	(1.0, 72.45871997115763)	(2.0, 16.050615530463254)	(3.0, 4.079351733102493)	(4.0, 1.3071869573150354)	(5.0, 0.4850595291523474)	(6.0, 0.2655417193739425)	(7.0, 0.2116797604945366)	(8.0, 0.17776891366481126)	(9.0, 0.15083603183509425)	('>10', 2.1727976242635)	('>50', 0.7776146456746272)	('>100', 1.3085780769052544)	('>500', 0.2846867765911729)	('>1k', 0.15739569790675234)	('>5k', 0.010796160158424347)	('>10k+', 0.10137087194113215)
BACW_56_1	(1.0, 67.38144625774986)	(2.0, 18.07653843251809)	(3.0, 5.474652353689226)	(4.0, 1.6492880800373748)	(5.0, 0.6756060863316313)	(6.0, 0.3723016229689444)	(7.0, 0.2645532977116707)	(8.0, 0.21268071506656305)	(9.0, 0.17177428640908263)	('>10', 2.2614603813800818)	('>50', 0.9429217721049604)	('>100', 1.811105794390665)	('>500', 0.3784713789979956)	('>1k', 0.25883192950512035)	('>5k', 0.017486537879144656)	('>10k+', 0.05088107325971687)
BACW_56_1_val_1	(1.0, 67.36381725238473)	(2.0, 18.09708212988484)	(3.0, 5.409794513956198)	(4.0, 1.6739186235529244)	(5.0, 0.7143921906366553)	(6.0, 0.3692382521429435)	(7.0, 0.2525263868125147)	(8.0, 0.2216258908230033)	(9.0, 0.18472280695726007)	('>10', 2.2612151334777826)	('>50', 0.945705407953934)	('>100', 1.7919967633930185)	('>500', 0.3524671239433354)	('>1k', 0.2703883858909187)	('>5k', 0.022479558851246525)	('>10k+', 0.06862957933881973)
BACW_56_2	(1.0, 68.05686293746804)	(2.0, 17.605906972781955)	(3.0, 5.193607063147197)	(4.0, 1.6168225061328871)	(5.0, 0.6215106722599747)	(6.0, 0.34423961444846646)	(7.0, 0.2594754669783815)	(8.0, 0.20861735651554802)	(9.0, 0.18170075520201961)	('>10', 2.4188268928906536)	('>50', 1.0143178342810897)	('>100', 1.753783882913395)	('>500', 0.36285883530400076)	('>1k', 0.25181216790216165)	('>5k', 0.029443466671314686)	('>10k+', 0.08021357510304529)
BACW_56_2_val_2	(1.0, 69.12347100566917)	(2.0, 16.941220721288786)	(3.0, 5.003462336444416)	(4.0, 1.619274482701104)	(5.0, 0.5993629897864664)	(6.0, 0.36008385530738823)	(7.0, 0.25340265294178865)	(8.0, 0.21653004308111184)	(9.0, 0.16367534281419804)	('>10', 2.365983298076175)	('>50', 0.9474381909964423)	('>100', 1.638496217510225)	('>500', 0.3538072847819535)	('>1k', 0.2618784042512515)	('>5k', 0.02648719706770917)	('>10k+', 0.12542597728178478)
BACW_57_1	(1.0, 71.36760051354739)	(2.0, 16.25711405470411)	(3.0, 4.241810661231973)	(4.0, 1.2949028626869286)	(5.0, 0.5298630228481314)	(6.0, 0.3024254285090244)	(7.0, 0.25358056697320286)	(8.0, 0.1727567089483496)	(9.0, 0.1308478746609495)	('>10', 2.2680140326227787)	('>50', 0.9800071464948061)	('>100', 1.5804000698685459)	('>500', 0.3239979923965688)	('>1k', 0.22722147101532508)	('>5k', 0.012959303375337346)	('>10k+', 0.05649829011646398)
BACW_57_1_val_1	(1.0, 71.2182696882632)	(2.0, 16.35728411849497)	(3.0, 4.2326613418611885)	(4.0, 1.2636278180228464)	(5.0, 0.5406902983811259)	(6.0, 0.29136599247855116)	(7.0, 0.24552619084651198)	(8.0, 0.19067896564081804)	(9.0, 0.17474878352579912)	('>10', 2.2604406721811725)	('>50', 0.9805321343493447)	('>100', 1.577100886726374)	('>500', 0.35310472624420014)	('>1k', 0.2094541143745823)	('>5k', 0.03241524437647832)	('>10k+', 0.07209902423277674)
BACW_57_2	(1.0, 72.14552975037797)	(2.0, 15.708071224385318)	(3.0, 3.969611211116958)	(4.0, 1.1789075060573997)	(5.0, 0.5067951152525946)	(6.0, 0.33029587109236613)	(7.0, 0.24453873971945622)	(8.0, 0.19667729972921064)	(9.0, 0.17375754667402052)	('>10', 2.406702269333509)	('>50', 0.9451521852615247)	('>100', 1.5578224795656705)	('>500', 0.30962029986845924)	('>1k', 0.22302105374928188)	('>5k', 0.02356739688539682)	('>10k+', 0.07993005093091471)
BACW_57_2_val_2	(1.0, 72.96335739611439)	(2.0, 15.250966766238278)	(3.0, 3.8445750365570186)	(4.0, 1.1336146347916047)	(5.0, 0.4776906716534539)	(6.0, 0.3431436359403375)	(7.0, 0.24345213242386154)	(8.0, 0.1856277679374457)	(9.0, 0.17069953648346986)	('>10', 2.2967890701528213)	('>50', 0.9083111158764244)	('>100', 1.4980963571556956)	('>500', 0.3424430025072179)	('>1k', 0.193639931013078)	('>5k', 0.02363147076607392)	('>10k+', 0.12396147438864721)
BACW_58_1	(1.0, 69.96435127799872)	(2.0, 17.115084477030052)	(3.0, 4.691044270918788)	(4.0, 1.4180149544103096)	(5.0, 0.5379913795118897)	(6.0, 0.3244663950022688)	(7.0, 0.2626285369930972)	(8.0, 0.1917728799193732)	(9.0, 0.14985699117891366)	('>10', 2.217637980601581)	('>50', 0.9193806157652931)	('>100', 1.6109071496794358)	('>500', 0.3368598515103385)	('>1k', 0.19599303796743278)	('>5k', 0.013583162358204982)	('>10k+', 0.05042703915453902)
BACW_58_1_val_1	(1.0, 69.75135455314532)	(2.0, 17.233169673564916)	(3.0, 4.750187651331035)	(4.0, 1.4068261412227)	(5.0, 0.5758336819026383)	(6.0, 0.3533657388526751)	(7.0, 0.27756576050199944)	(8.0, 0.17476684893477726)	(9.0, 0.14184343991734272)	('>10', 2.1783290706423775)	('>50', 0.9364601006596893)	('>100', 1.6591950651062475)	('>500', 0.28543431507812206)	('>1k', 0.19297949577074425)	('>5k', 0.017818159294065716)	('>10k+', 0.06487030407555121)
BACW_58_2	(1.0, 69.97599514790478)	(2.0, 16.840696829256842)	(3.0, 4.592613644479281)	(4.0, 1.3915677212686641)	(5.0, 0.5597483909084014)	(6.0, 0.324349475291588)	(7.0, 0.25654455447523455)	(8.0, 0.2126714105385437)	(9.0, 0.18176100664419043)	('>10', 2.539466825522137)	('>50', 0.9810189655033483)	('>100', 1.5151068351781922)	('>500', 0.3230148841219533)	('>1k', 0.20910538403076864)	('>5k', 0.018841088121564896)	('>10k+', 0.07749783675435906)
BACW_58_2_val_2	(1.0, 70.6903712968084)	(2.0, 16.56162588157799)	(3.0, 4.459117102347614)	(4.0, 1.2902797387349034)	(5.0, 0.5445551355887179)	(6.0, 0.3142384875139575)	(7.0, 0.23149222319247836)	(8.0, 0.18862958809394614)	(9.0, 0.18667630775087582)	('>10', 2.5082990934780085)	('>50', 0.905435080410512)	('>100', 1.4502128810845172)	('>500', 0.3099169860044177)	('>1k', 0.21735899002185283)	('>5k', 0.018023831277059865)	('>10k+', 0.1237673761149259)
BACW_59_1	(1.0, 69.07539622571603)	(2.0, 17.672950213514138)	(3.0, 5.020017089101884)	(4.0, 1.5433876431143654)	(5.0, 0.5807833012941309)	(6.0, 0.3483557519490322)	(7.0, 0.2615804388686094)	(8.0, 0.21670558875676083)	(9.0, 0.17080983955585127)	('>10', 2.199841323477288)	('>50', 0.7861159166837023)	('>100', 1.436858559670744)	('>500', 0.3803380917612095)	('>1k', 0.25217803172920433)	('>5k', 0.0)	('>10k+', 0.05468198480701286)
BACW_59_1_val_1	(1.0, 68.78860243361859)	(2.0, 17.865860711836778)	(3.0, 5.012046203402405)	(4.0, 1.5969471658672452)	(5.0, 0.6096029388175359)	(6.0, 0.3742344178357074)	(7.0, 0.23457781099587538)	(8.0, 0.18970521397405937)	(9.0, 0.178766150504039)	('>10', 2.1975218413844235)	('>50', 0.8084940446640703)	('>100', 1.4760900759385092)	('>500', 0.36254119232352544)	('>1k', 0.2217137922490285)	('>5k', 0.005511557994011984)	('>10k+', 0.07778444859398365)
BACW_59_2	(1.0, 69.61429122789598)	(2.0, 17.258275644927785)	(3.0, 4.798076247860097)	(4.0, 1.4075543018994945)	(5.0, 0.6056659845549279)	(6.0, 0.3263612471628681)	(7.0, 0.2705368647156344)	(8.0, 0.2017041588557084)	(9.0, 0.16879380409985018)	('>10', 2.3196202881649803)	('>50', 0.8406591229759163)	('>100', 1.5846703824700634)	('>500', 0.32160979995285843)	('>1k', 0.19202624988103992)	('>5k', 0.010089505910547174)	('>10k+', 0.08006516867225266)
BACW_59_2_val_2	(1.0, 70.5559291719666)	(2.0, 16.697805590711198)	(3.0, 4.652319398546562)	(4.0, 1.3713035642625584)	(5.0, 0.584567453964527)	(6.0, 0.32727811167592225)	(7.0, 0.24052833875936003)	(8.0, 0.1707070287003929)	(9.0, 0.16875166723633592)	('>10', 2.303064402588101)	('>50', 0.8325190267288465)	('>100', 1.4667162032120054)	('>500', 0.3123599255415258)	('>1k', 0.18708861638596372)	('>5k', 0.012079973179462007)	('>10k+', 0.11698152654042561)
BACW_64_1	(1.0, 63.97160085180352)	(2.0, 20.91133520120518)	(3.0, 6.320417655001001)	(4.0, 1.8943571959475647)	(5.0, 0.676851344414046)	(6.0, 0.3954182581245966)	(7.0, 0.2347076895705999)	(8.0, 0.22277283673171216)	(9.0, 0.15887384451371991)	('>10', 2.1837457801449247)	('>50', 0.9030967731146)	('>100', 1.5839179152787901)	('>500', 0.305941375057452)	('>1k', 0.1859394219207628)	('>5k', 0.0026175582648031884)	('>10k+', 0.048406298906615235)
BACW_64_1_val_1	(1.0, 64.06863777081381)	(2.0, 20.894211261576253)	(3.0, 6.34839669509751)	(4.0, 1.8860878407310304)	(5.0, 0.6827381686505039)	(6.0, 0.3803829301301184)	(7.0, 0.23267510587295323)	(8.0, 0.18877903046401318)	(9.0, 0.16584331712759956)	('>10', 2.1303937458519178)	('>50', 0.9374411994234664)	('>100', 1.5605610520059545)	('>500', 0.2805253844586334)	('>1k', 0.165322479075824)	('>5k', 0.008468274543350893)	('>10k+', 0.06953574417696019)
BACW_64_2	(1.0, 63.7281738069499)	(2.0, 21.021154590422395)	(3.0, 6.244233775372613)	(4.0, 1.8986366519821112)	(5.0, 0.7225033783492685)	(6.0, 0.3922763292882051)	(7.0, 0.2545880190427564)	(8.0, 0.1807484483966959)	(9.0, 0.16780445974316838)	('>10', 2.2992967442685996)	('>50', 0.958456178597083)	('>100', 1.5710379883814314)	('>500', 0.2742751923429644)	('>1k', 0.19906554837882412)	('>5k', 0.012848655853305458)	('>10k+', 0.07490023263061442)
BACW_64_2_val_2	(1.0, 63.996135464014834)	(2.0, 20.938125318236775)	(3.0, 6.166996684284259)	(4.0, 1.8360564004225426)	(5.0, 0.6952855736507483)	(6.0, 0.38014879615645353)	(7.0, 0.27045569501249034)	(8.0, 0.2126202537676237)	(9.0, 0.183713483877393)	('>10', 2.2672799379762516)	('>50', 0.9358776327353299)	('>100', 1.488496251663799)	('>500', 0.29943061164768575)	('>1k', 0.1977615723322212)	('>5k', 0.018716137933285765)	('>10k+', 0.11290018628833311)
