Sample	0	1	2	3	4	5	6	7	8	9	10	11	12	13	14	15	16	17	18	19	20	21	22	23	24	25	26
BACW_1	(12.0, 2.0)	(13.0, 0.0)	(14.0, 12.0)	(15.0, 134.0)	(16.0, 565.0)	(17.0, 1697.0)	(18.0, 4157.0)	(19.0, 9259.0)	(20.0, 18274.0)	(21.0, 36207.0)	(22.0, 71060.0)	(23.0, 141476.0)	(24.0, 269983.0)	(25.0, 481495.0)	(26.0, 793107.0)	(27.0, 1224932.0)	(28.0, 1806238.0)	(29.0, 2586173.0)	(30.0, 3621232.0)	(31.0, 4997969.0)	(32.0, 6949418.0)	(33.0, 10127360.0)	(34.0, 16831465.0)	(35.0, 38742661.0)	(36.0, 125275112.0)	(37.0, 5084905.0)	
BACW_1_val_1	(13.0, 3.0)	(14.0, 36.0)	(15.0, 185.0)	(16.0, 686.0)	(17.0, 1843.0)	(18.0, 4487.0)	(19.0, 9870.0)	(20.0, 20423.0)	(21.0, 42286.0)	(22.0, 85670.0)	(23.0, 167671.0)	(24.0, 302258.0)	(25.0, 508943.0)	(26.0, 789620.0)	(27.0, 1189543.0)	(28.0, 1716348.0)	(29.0, 2461928.0)	(30.0, 3419958.0)	(31.0, 4749786.0)	(32.0, 6567856.0)	(33.0, 9689404.0)	(34.0, 16248889.0)	(35.0, 37597870.0)	(36.0, 124581455.0)	(37.0, 8825975.0)		
BACW_2	(11.0, 28.0)	(12.0, 318.0)	(13.0, 1612.0)	(14.0, 5072.0)	(15.0, 13805.0)	(16.0, 30125.0)	(17.0, 53808.0)	(18.0, 84886.0)	(19.0, 115661.0)	(20.0, 151793.0)	(21.0, 199046.0)	(22.0, 280961.0)	(23.0, 416769.0)	(24.0, 629723.0)	(25.0, 943801.0)	(26.0, 1374178.0)	(27.0, 1949421.0)	(28.0, 2697490.0)	(29.0, 3687419.0)	(30.0, 5057154.0)	(31.0, 7053948.0)	(32.0, 10332454.0)	(33.0, 16230132.0)	(34.0, 28459380.0)	(35.0, 58213953.0)	(36.0, 79921204.0)	(37.0, 1170752.0)
BACW_2_val_2	(11.0, 109.0)	(12.0, 604.0)	(13.0, 2292.0)	(14.0, 6188.0)	(15.0, 13200.0)	(16.0, 22559.0)	(17.0, 34187.0)	(18.0, 46326.0)	(19.0, 62593.0)	(20.0, 86022.0)	(21.0, 129650.0)	(22.0, 209620.0)	(23.0, 350124.0)	(24.0, 560255.0)	(25.0, 865447.0)	(26.0, 1261470.0)	(27.0, 1796896.0)	(28.0, 2456431.0)	(29.0, 3362643.0)	(30.0, 4520984.0)	(31.0, 6247593.0)	(32.0, 8793051.0)	(33.0, 13448849.0)	(34.0, 22832090.0)	(35.0, 47413621.0)	(36.0, 83719938.0)	(37.0, 3428635.0)
BACW_42_1	(13.0, 3.0)	(14.0, 18.0)	(15.0, 74.0)	(16.0, 275.0)	(17.0, 712.0)	(18.0, 1945.0)	(19.0, 5389.0)	(20.0, 13653.0)	(21.0, 33491.0)	(22.0, 75826.0)	(23.0, 160372.0)	(24.0, 310409.0)	(25.0, 550885.0)	(26.0, 897686.0)	(27.0, 1363376.0)	(28.0, 1985127.0)	(29.0, 2806693.0)	(30.0, 3874506.0)	(31.0, 5267443.0)	(32.0, 7231574.0)	(33.0, 10357323.0)	(34.0, 16792362.0)	(35.0, 36923581.0)	(36.0, 113902592.0)	(37.0, 3874037.0)		
BACW_42_1_val_1	(13.0, 4.0)	(14.0, 27.0)	(15.0, 84.0)	(16.0, 284.0)	(17.0, 880.0)	(18.0, 2573.0)	(19.0, 7224.0)	(20.0, 18574.0)	(21.0, 43768.0)	(22.0, 94420.0)	(23.0, 188952.0)	(24.0, 341130.0)	(25.0, 574020.0)	(26.0, 887800.0)	(27.0, 1325090.0)	(28.0, 1892542.0)	(29.0, 2669417.0)	(30.0, 3650982.0)	(31.0, 4991915.0)	(32.0, 6797806.0)	(33.0, 9853809.0)	(34.0, 16071569.0)	(35.0, 35635713.0)	(36.0, 113836992.0)	(37.0, 7462160.0)		
BACW_42_2	(11.0, 78.0)	(12.0, 860.0)	(13.0, 2914.0)	(14.0, 6723.0)	(15.0, 12485.0)	(16.0, 20980.0)	(17.0, 32622.0)	(18.0, 47504.0)	(19.0, 66955.0)	(20.0, 95504.0)	(21.0, 141897.0)	(22.0, 223931.0)	(23.0, 361381.0)	(24.0, 566575.0)	(25.0, 857844.0)	(26.0, 1248850.0)	(27.0, 1759810.0)	(28.0, 2414132.0)	(29.0, 3262975.0)	(30.0, 4402660.0)	(31.0, 6044569.0)	(32.0, 8640512.0)	(33.0, 13174398.0)	(34.0, 22524452.0)	(35.0, 47743298.0)	(36.0, 90335400.0)	(37.0, 2440043.0)
BACW_42_2_val_2	(11.0, 148.0)	(12.0, 888.0)	(13.0, 2557.0)	(14.0, 5843.0)	(15.0, 10938.0)	(16.0, 17956.0)	(17.0, 27053.0)	(18.0, 37197.0)	(19.0, 52796.0)	(20.0, 75117.0)	(21.0, 115827.0)	(22.0, 188553.0)	(23.0, 317007.0)	(24.0, 507725.0)	(25.0, 784723.0)	(26.0, 1143916.0)	(27.0, 1632311.0)	(28.0, 2229522.0)	(29.0, 3062820.0)	(30.0, 4128271.0)	(31.0, 5734687.0)	(32.0, 8107721.0)	(33.0, 12473628.0)	(34.0, 21385814.0)	(35.0, 46040888.0)	(36.0, 93436191.0)	(37.0, 4827638.0)
BACW_45_1	(13.0, 2.0)	(14.0, 23.0)	(15.0, 151.0)	(16.0, 597.0)	(17.0, 1703.0)	(18.0, 4245.0)	(19.0, 9697.0)	(20.0, 20999.0)	(21.0, 45434.0)	(22.0, 95147.0)	(23.0, 191928.0)	(24.0, 367014.0)	(25.0, 651054.0)	(26.0, 1062427.0)	(27.0, 1616342.0)	(28.0, 2343647.0)	(29.0, 3296791.0)	(30.0, 4523992.0)	(31.0, 6145447.0)	(32.0, 8428462.0)	(33.0, 12072420.0)	(34.0, 19565280.0)	(35.0, 42893408.0)	(36.0, 131492686.0)	(37.0, 4401148.0)		
BACW_45_1_val_1	(13.0, 6.0)	(14.0, 39.0)	(15.0, 222.0)	(16.0, 631.0)	(17.0, 1834.0)	(18.0, 4597.0)	(19.0, 11007.0)	(20.0, 25040.0)	(21.0, 55416.0)	(22.0, 114162.0)	(23.0, 224154.0)	(24.0, 402492.0)	(25.0, 679725.0)	(26.0, 1056163.0)	(27.0, 1577985.0)	(28.0, 2243283.0)	(29.0, 3148332.0)	(30.0, 4278178.0)	(31.0, 5835771.0)	(32.0, 7948626.0)	(33.0, 11515658.0)	(34.0, 18812157.0)	(35.0, 41593697.0)	(36.0, 131435610.0)	(37.0, 8167138.0)		
BACW_45_2	(11.0, 82.0)	(12.0, 807.0)	(13.0, 2958.0)	(14.0, 7380.0)	(15.0, 14927.0)	(16.0, 25302.0)	(17.0, 39731.0)	(18.0, 57900.0)	(19.0, 80142.0)	(20.0, 113891.0)	(21.0, 167555.0)	(22.0, 266574.0)	(23.0, 436878.0)	(24.0, 697042.0)	(25.0, 1060506.0)	(26.0, 1545515.0)	(27.0, 2168270.0)	(28.0, 2952483.0)	(29.0, 3975458.0)	(30.0, 5335361.0)	(31.0, 7278713.0)	(32.0, 10355830.0)	(33.0, 15697386.0)	(34.0, 26659675.0)	(35.0, 56129428.0)	(36.0, 101710452.0)	(37.0, 2449798.0)
BACW_45_2_val_2	(11.0, 128.0)	(12.0, 755.0)	(13.0, 2585.0)	(14.0, 6701.0)	(15.0, 13183.0)	(16.0, 22333.0)	(17.0, 33691.0)	(18.0, 46134.0)	(19.0, 63312.0)	(20.0, 88770.0)	(21.0, 136801.0)	(22.0, 227276.0)	(23.0, 391304.0)	(24.0, 633769.0)	(25.0, 983932.0)	(26.0, 1428014.0)	(27.0, 2022740.0)	(28.0, 2744456.0)	(29.0, 3741378.0)	(30.0, 5007595.0)	(31.0, 6916946.0)	(32.0, 9729832.0)	(33.0, 14857122.0)	(34.0, 25326866.0)	(35.0, 54191120.0)	(36.0, 105764963.0)	(37.0, 4750217.0)
BACW_47_1	(13.0, 1.0)	(14.0, 26.0)	(15.0, 113.0)	(16.0, 455.0)	(17.0, 1428.0)	(18.0, 3665.0)	(19.0, 8706.0)	(20.0, 19492.0)	(21.0, 42180.0)	(22.0, 86628.0)	(23.0, 174408.0)	(24.0, 330798.0)	(25.0, 588728.0)	(26.0, 965452.0)	(27.0, 1481172.0)	(28.0, 2173647.0)	(29.0, 3092116.0)	(30.0, 4297258.0)	(31.0, 5884725.0)	(32.0, 8141045.0)	(33.0, 11776047.0)	(34.0, 19256583.0)	(35.0, 42436904.0)	(36.0, 124396372.0)	(37.0, 4016450.0)		
BACW_47_1_val_1	(13.0, 9.0)	(14.0, 31.0)	(15.0, 133.0)	(16.0, 535.0)	(17.0, 1557.0)	(18.0, 4148.0)	(19.0, 10405.0)	(20.0, 23018.0)	(21.0, 50197.0)	(22.0, 103126.0)	(23.0, 201934.0)	(24.0, 364521.0)	(25.0, 618348.0)	(26.0, 961215.0)	(27.0, 1445414.0)	(28.0, 2075433.0)	(29.0, 2949713.0)	(30.0, 4053148.0)	(31.0, 5582762.0)	(32.0, 7665637.0)	(33.0, 11216491.0)	(34.0, 18503072.0)	(35.0, 41171688.0)	(36.0, 124615392.0)	(37.0, 7449373.0)		
BACW_47_2	(11.0, 61.0)	(12.0, 1090.0)	(13.0, 4343.0)	(14.0, 9938.0)	(15.0, 18043.0)	(16.0, 29766.0)	(17.0, 45089.0)	(18.0, 65447.0)	(19.0, 89868.0)	(20.0, 124709.0)	(21.0, 182661.0)	(22.0, 288536.0)	(23.0, 465526.0)	(24.0, 737970.0)	(25.0, 1119274.0)	(26.0, 1630462.0)	(27.0, 2287663.0)	(28.0, 3123650.0)	(29.0, 4212610.0)	(30.0, 5671518.0)	(31.0, 7783675.0)	(32.0, 11141782.0)	(33.0, 16940863.0)	(34.0, 28473493.0)	(35.0, 56627024.0)	(36.0, 86332440.0)	(37.0, 1766898.0)
BACW_47_2_val_2	(11.0, 213.0)	(12.0, 1252.0)	(13.0, 3540.0)	(14.0, 7685.0)	(15.0, 14979.0)	(16.0, 25325.0)	(17.0, 38014.0)	(18.0, 52495.0)	(19.0, 70696.0)	(20.0, 98102.0)	(21.0, 149650.0)	(22.0, 245167.0)	(23.0, 415533.0)	(24.0, 667941.0)	(25.0, 1033769.0)	(26.0, 1501327.0)	(27.0, 2132374.0)	(28.0, 2903877.0)	(29.0, 3971312.0)	(30.0, 5333098.0)	(31.0, 7400189.0)	(32.0, 10454659.0)	(33.0, 16038330.0)	(34.0, 27148483.0)	(35.0, 55049398.0)	(36.0, 90797909.0)	(37.0, 3511983.0)
BACW_48_1	(13.0, 6.0)	(14.0, 13.0)	(15.0, 92.0)	(16.0, 402.0)	(17.0, 1042.0)	(18.0, 2720.0)	(19.0, 7141.0)	(20.0, 17748.0)	(21.0, 43086.0)	(22.0, 97253.0)	(23.0, 204686.0)	(24.0, 398454.0)	(25.0, 710334.0)	(26.0, 1156138.0)	(27.0, 1745923.0)	(28.0, 2519146.0)	(29.0, 3539483.0)	(30.0, 4883565.0)	(31.0, 6699529.0)	(32.0, 9388934.0)	(33.0, 13661954.0)	(34.0, 22112226.0)	(35.0, 48244026.0)	(36.0, 136694440.0)	(37.0, 4161023.0)		
BACW_48_1_val_1	(13.0, 6.0)	(14.0, 25.0)	(15.0, 123.0)	(16.0, 427.0)	(17.0, 1182.0)	(18.0, 3413.0)	(19.0, 9197.0)	(20.0, 23355.0)	(21.0, 54880.0)	(22.0, 118218.0)	(23.0, 237471.0)	(24.0, 432022.0)	(25.0, 731494.0)	(26.0, 1131288.0)	(27.0, 1680888.0)	(28.0, 2381365.0)	(29.0, 3344465.0)	(30.0, 4573275.0)	(31.0, 6301734.0)	(32.0, 8681263.0)	(33.0, 12761089.0)	(34.0, 21116822.0)	(35.0, 46777921.0)	(36.0, 137540873.0)	(37.0, 8267798.0)		
BACW_48_2	(11.0, 51.0)	(12.0, 842.0)	(13.0, 3751.0)	(14.0, 9494.0)	(15.0, 20274.0)	(16.0, 37554.0)	(17.0, 60949.0)	(18.0, 89101.0)	(19.0, 122898.0)	(20.0, 171403.0)	(21.0, 253712.0)	(22.0, 404391.0)	(23.0, 654465.0)	(24.0, 1017849.0)	(25.0, 1505739.0)	(26.0, 2122763.0)	(27.0, 2904118.0)	(28.0, 3879314.0)	(29.0, 5161423.0)	(30.0, 6884917.0)	(31.0, 9376704.0)	(32.0, 13347423.0)	(33.0, 20104394.0)	(34.0, 33230396.0)	(35.0, 63643435.0)	(36.0, 89530693.0)	(37.0, 1751311.0)
BACW_48_2_val_2	(11.0, 170.0)	(12.0, 1063.0)	(13.0, 3368.0)	(14.0, 8375.0)	(15.0, 18212.0)	(16.0, 32929.0)	(17.0, 51120.0)	(18.0, 70717.0)	(19.0, 94625.0)	(20.0, 134099.0)	(21.0, 208353.0)	(22.0, 343098.0)	(23.0, 581159.0)	(24.0, 916155.0)	(25.0, 1382169.0)	(26.0, 1948251.0)	(27.0, 2697234.0)	(28.0, 3606944.0)	(29.0, 4864742.0)	(30.0, 6475143.0)	(31.0, 8922755.0)	(32.0, 12527397.0)	(33.0, 19053999.0)	(34.0, 31732639.0)	(35.0, 61930424.0)	(36.0, 94730771.0)	(37.0, 3834683.0)
BACW_50_1	(13.0, 1.0)	(14.0, 23.0)	(15.0, 180.0)	(16.0, 725.0)	(17.0, 2036.0)	(18.0, 4496.0)	(19.0, 9702.0)	(20.0, 19610.0)	(21.0, 41196.0)	(22.0, 84983.0)	(23.0, 170813.0)	(24.0, 324257.0)	(25.0, 573574.0)	(26.0, 941207.0)	(27.0, 1442787.0)	(28.0, 2114399.0)	(29.0, 3004598.0)	(30.0, 4176975.0)	(31.0, 5726664.0)	(32.0, 7913000.0)	(33.0, 11424196.0)	(34.0, 18631673.0)	(35.0, 41004070.0)	(36.0, 123942609.0)	(37.0, 4145268.0)		
BACW_50_1_val_1	(13.0, 3.0)	(14.0, 53.0)	(15.0, 234.0)	(16.0, 760.0)	(17.0, 1814.0)	(18.0, 4418.0)	(19.0, 10147.0)	(20.0, 22265.0)	(21.0, 48435.0)	(22.0, 100865.0)	(23.0, 197073.0)	(24.0, 354829.0)	(25.0, 599423.0)	(26.0, 933292.0)	(27.0, 1400775.0)	(28.0, 2013803.0)	(29.0, 2862458.0)	(30.0, 3937567.0)	(31.0, 5426967.0)	(32.0, 7446289.0)	(33.0, 10889095.0)	(34.0, 17918180.0)	(35.0, 39789418.0)	(36.0, 123923752.0)	(37.0, 7695396.0)		
BACW_50_2	(11.0, 69.0)	(12.0, 940.0)	(13.0, 3941.0)	(14.0, 9471.0)	(15.0, 18460.0)	(16.0, 32616.0)	(17.0, 50498.0)	(18.0, 72939.0)	(19.0, 98889.0)	(20.0, 135491.0)	(21.0, 194743.0)	(22.0, 300034.0)	(23.0, 475149.0)	(24.0, 740824.0)	(25.0, 1113975.0)	(26.0, 1613572.0)	(27.0, 2255907.0)	(28.0, 3066872.0)	(29.0, 4115208.0)	(30.0, 5491953.0)	(31.0, 7474783.0)	(32.0, 10580044.0)	(33.0, 15959008.0)	(34.0, 26724315.0)	(35.0, 53995814.0)	(36.0, 89142180.0)	(37.0, 2031347.0)
BACW_50_2_val_2	(11.0, 153.0)	(12.0, 1125.0)	(13.0, 3246.0)	(14.0, 7746.0)	(15.0, 16242.0)	(16.0, 27858.0)	(17.0, 41968.0)	(18.0, 57134.0)	(19.0, 75702.0)	(20.0, 104387.0)	(21.0, 156515.0)	(22.0, 250978.0)	(23.0, 417003.0)	(24.0, 664905.0)	(25.0, 1022106.0)	(26.0, 1479879.0)	(27.0, 2096984.0)	(28.0, 2851036.0)	(29.0, 3876747.0)	(30.0, 5172854.0)	(31.0, 7117301.0)	(32.0, 9963113.0)	(33.0, 15152394.0)	(34.0, 25517773.0)	(35.0, 52415721.0)	(36.0, 93093970.0)	(37.0, 3992471.0)
BACW_52_1	(12.0, 2.0)	(13.0, 3.0)	(14.0, 26.0)	(15.0, 221.0)	(16.0, 1021.0)	(17.0, 2774.0)	(18.0, 6423.0)	(19.0, 13934.0)	(20.0, 29891.0)	(21.0, 65082.0)	(22.0, 133022.0)	(23.0, 256553.0)	(24.0, 462443.0)	(25.0, 784093.0)	(26.0, 1237604.0)	(27.0, 1846487.0)	(28.0, 2646348.0)	(29.0, 3695708.0)	(30.0, 5059026.0)	(31.0, 6888561.0)	(32.0, 9596834.0)	(33.0, 13768294.0)	(34.0, 21930527.0)	(35.0, 46205377.0)	(36.0, 124134107.0)	(37.0, 3783859.0)	
BACW_52_1_val_1	(13.0, 4.0)	(14.0, 67.0)	(15.0, 293.0)	(16.0, 987.0)	(17.0, 2714.0)	(18.0, 6434.0)	(19.0, 14833.0)	(20.0, 33290.0)	(21.0, 72278.0)	(22.0, 143866.0)	(23.0, 269699.0)	(24.0, 470049.0)	(25.0, 772283.0)	(26.0, 1180202.0)	(27.0, 1746520.0)	(28.0, 2475786.0)	(29.0, 3474995.0)	(30.0, 4741363.0)	(31.0, 6510890.0)	(32.0, 8935811.0)	(33.0, 13031981.0)	(34.0, 21209755.0)	(35.0, 45169600.0)	(36.0, 124923680.0)	(37.0, 6992856.0)		
BACW_52_2	(11.0, 68.0)	(12.0, 866.0)	(13.0, 4204.0)	(14.0, 14703.0)	(15.0, 40725.0)	(16.0, 83563.0)	(17.0, 136942.0)	(18.0, 188189.0)	(19.0, 237189.0)	(20.0, 299445.0)	(21.0, 394628.0)	(22.0, 554000.0)	(23.0, 801342.0)	(24.0, 1141189.0)	(25.0, 1590552.0)	(26.0, 2167651.0)	(27.0, 2895029.0)	(28.0, 3800985.0)	(29.0, 4970550.0)	(30.0, 6496601.0)	(31.0, 8644076.0)	(32.0, 11990892.0)	(33.0, 17593834.0)	(34.0, 28539397.0)	(35.0, 55686358.0)	(36.0, 92023759.0)	(37.0, 2251483.0)
BACW_52_2_val_2	(11.0, 135.0)	(12.0, 928.0)	(13.0, 3898.0)	(14.0, 13858.0)	(15.0, 38134.0)	(16.0, 75180.0)	(17.0, 113537.0)	(18.0, 145663.0)	(19.0, 179136.0)	(20.0, 227812.0)	(21.0, 315209.0)	(22.0, 454417.0)	(23.0, 687265.0)	(24.0, 1007126.0)	(25.0, 1452173.0)	(26.0, 1991401.0)	(27.0, 2705372.0)	(28.0, 3556517.0)	(29.0, 4717277.0)	(30.0, 6158634.0)	(31.0, 8297633.0)	(32.0, 11358165.0)	(33.0, 16824128.0)	(34.0, 27448901.0)	(35.0, 54390603.0)	(36.0, 95785855.0)	(37.0, 4231279.0)
BACW_53_1	(12.0, 1.0)	(13.0, 2.0)	(14.0, 15.0)	(15.0, 87.0)	(16.0, 350.0)	(17.0, 1083.0)	(18.0, 2866.0)	(19.0, 6690.0)	(20.0, 15765.0)	(21.0, 35576.0)	(22.0, 76396.0)	(23.0, 159551.0)	(24.0, 309143.0)	(25.0, 556326.0)	(26.0, 912162.0)	(27.0, 1380070.0)	(28.0, 1976040.0)	(29.0, 2757647.0)	(30.0, 3788044.0)	(31.0, 5179137.0)	(32.0, 7187294.0)	(33.0, 10444334.0)	(34.0, 17178495.0)	(35.0, 38047186.0)	(36.0, 112858898.0)	(37.0, 3703878.0)	
BACW_53_1_val_1	(13.0, 3.0)	(14.0, 24.0)	(15.0, 101.0)	(16.0, 432.0)	(17.0, 1261.0)	(18.0, 3313.0)	(19.0, 8109.0)	(20.0, 19510.0)	(21.0, 43990.0)	(22.0, 93258.0)	(23.0, 185962.0)	(24.0, 339938.0)	(25.0, 581222.0)	(26.0, 905123.0)	(27.0, 1344691.0)	(28.0, 1891733.0)	(29.0, 2631827.0)	(30.0, 3579735.0)	(31.0, 4921251.0)	(32.0, 6773504.0)	(33.0, 9969657.0)	(34.0, 16551630.0)	(35.0, 36994234.0)	(36.0, 112955408.0)	(37.0, 6696706.0)		
BACW_53_2	(11.0, 25.0)	(12.0, 415.0)	(13.0, 1801.0)	(14.0, 5250.0)	(15.0, 11925.0)	(16.0, 22409.0)	(17.0, 37418.0)	(18.0, 56331.0)	(19.0, 79629.0)	(20.0, 113444.0)	(21.0, 172102.0)	(22.0, 281170.0)	(23.0, 465364.0)	(24.0, 734082.0)	(25.0, 1085377.0)	(26.0, 1532900.0)	(27.0, 2101692.0)	(28.0, 2815643.0)	(29.0, 3748809.0)	(30.0, 5004691.0)	(31.0, 6820947.0)	(32.0, 9715505.0)	(33.0, 14715447.0)	(34.0, 24754588.0)	(35.0, 50015533.0)	(36.0, 80538556.0)	(37.0, 1745983.0)
BACW_53_2_val_2	(11.0, 70.0)	(12.0, 559.0)	(13.0, 1939.0)	(14.0, 5225.0)	(15.0, 11450.0)	(16.0, 20797.0)	(17.0, 32819.0)	(18.0, 45905.0)	(19.0, 63536.0)	(20.0, 90242.0)	(21.0, 143551.0)	(22.0, 241441.0)	(23.0, 416688.0)	(24.0, 665353.0)	(25.0, 1005918.0)	(26.0, 1416397.0)	(27.0, 1964765.0)	(28.0, 2622742.0)	(29.0, 3544567.0)	(30.0, 4716669.0)	(31.0, 6503146.0)	(32.0, 9150677.0)	(33.0, 13982297.0)	(34.0, 23685874.0)	(35.0, 48751502.0)	(36.0, 84105800.0)	(37.0, 3302693.0)
BACW_55_1	(13.0, 5.0)	(14.0, 20.0)	(15.0, 111.0)	(16.0, 475.0)	(17.0, 1407.0)	(18.0, 3673.0)	(19.0, 9079.0)	(20.0, 20514.0)	(21.0, 45659.0)	(22.0, 98113.0)	(23.0, 201625.0)	(24.0, 385003.0)	(25.0, 679788.0)	(26.0, 1111132.0)	(27.0, 1703813.0)	(28.0, 2494103.0)	(29.0, 3550492.0)	(30.0, 4936174.0)	(31.0, 6787765.0)	(32.0, 9481720.0)	(33.0, 13863151.0)	(34.0, 22745956.0)	(35.0, 49574608.0)	(36.0, 130397999.0)	(37.0, 3595881.0)		
BACW_55_1_val_1	(12.0, 1.0)	(13.0, 5.0)	(14.0, 31.0)	(15.0, 146.0)	(16.0, 570.0)	(17.0, 1599.0)	(18.0, 4519.0)	(19.0, 10829.0)	(20.0, 25132.0)	(21.0, 56304.0)	(22.0, 118090.0)	(23.0, 233528.0)	(24.0, 418231.0)	(25.0, 706092.0)	(26.0, 1100026.0)	(27.0, 1652611.0)	(28.0, 2375398.0)	(29.0, 3373925.0)	(30.0, 4651667.0)	(31.0, 6433289.0)	(32.0, 8911329.0)	(33.0, 13167777.0)	(34.0, 21906380.0)	(35.0, 48272402.0)	(36.0, 131372340.0)	(37.0, 6775337.0)	
BACW_55_2	(11.0, 41.0)	(12.0, 596.0)	(13.0, 2770.0)	(14.0, 7319.0)	(15.0, 17567.0)	(16.0, 34132.0)	(17.0, 57884.0)	(18.0, 86084.0)	(19.0, 119305.0)	(20.0, 165072.0)	(21.0, 238320.0)	(22.0, 365059.0)	(23.0, 578239.0)	(24.0, 893634.0)	(25.0, 1329010.0)	(26.0, 1898696.0)	(27.0, 2633000.0)	(28.0, 3548218.0)	(29.0, 4751336.0)	(30.0, 6351932.0)	(31.0, 8646991.0)	(32.0, 12265800.0)	(33.0, 18446846.0)	(34.0, 30628895.0)	(35.0, 60421863.0)	(36.0, 96027309.0)	(37.0, 2172348.0)
BACW_55_2_val_2	(11.0, 122.0)	(12.0, 759.0)	(13.0, 2490.0)	(14.0, 7034.0)	(15.0, 16394.0)	(16.0, 30817.0)	(17.0, 49200.0)	(18.0, 68610.0)	(19.0, 92881.0)	(20.0, 129061.0)	(21.0, 193361.0)	(22.0, 308155.0)	(23.0, 510066.0)	(24.0, 801919.0)	(25.0, 1221738.0)	(26.0, 1743665.0)	(27.0, 2454433.0)	(28.0, 3307884.0)	(29.0, 4486840.0)	(30.0, 5999868.0)	(31.0, 8260306.0)	(32.0, 11576894.0)	(33.0, 17580554.0)	(34.0, 29409198.0)	(35.0, 59059467.0)	(36.0, 100135201.0)	(37.0, 4120641.0)
BACW_56_1	(13.0, 9.0)	(14.0, 17.0)	(15.0, 116.0)	(16.0, 467.0)	(17.0, 1413.0)	(18.0, 3680.0)	(19.0, 8887.0)	(20.0, 21068.0)	(21.0, 47939.0)	(22.0, 104175.0)	(23.0, 214616.0)	(24.0, 416563.0)	(25.0, 741758.0)	(26.0, 1210253.0)	(27.0, 1858416.0)	(28.0, 2724157.0)	(29.0, 3857581.0)	(30.0, 5345018.0)	(31.0, 7324620.0)	(32.0, 10145412.0)	(33.0, 14680302.0)	(34.0, 23961604.0)	(35.0, 52850022.0)	(36.0, 158996829.0)	(37.0, 5314560.0)		
BACW_56_1_val_1	(13.0, 10.0)	(14.0, 34.0)	(15.0, 149.0)	(16.0, 547.0)	(17.0, 1573.0)	(18.0, 4170.0)	(19.0, 11037.0)	(20.0, 26127.0)	(21.0, 59963.0)	(22.0, 126522.0)	(23.0, 252179.0)	(24.0, 458133.0)	(25.0, 772529.0)	(26.0, 1202022.0)	(27.0, 1808656.0)	(28.0, 2595570.0)	(29.0, 3672758.0)	(30.0, 5040357.0)	(31.0, 6941778.0)	(32.0, 9551474.0)	(33.0, 13987943.0)	(34.0, 23052387.0)	(35.0, 51262079.0)	(36.0, 159032479.0)	(37.0, 9857067.0)		
BACW_56_2	(11.0, 38.0)	(12.0, 554.0)	(13.0, 2366.0)	(14.0, 6745.0)	(15.0, 14976.0)	(16.0, 28742.0)	(17.0, 48786.0)	(18.0, 75017.0)	(19.0, 107014.0)	(20.0, 152271.0)	(21.0, 225578.0)	(22.0, 354849.0)	(23.0, 570771.0)	(24.0, 897249.0)	(25.0, 1363315.0)	(26.0, 1981149.0)	(27.0, 2783495.0)	(28.0, 3800741.0)	(29.0, 5132128.0)	(30.0, 6910486.0)	(31.0, 9476588.0)	(32.0, 13531716.0)	(33.0, 20517944.0)	(34.0, 34524928.0)	(35.0, 69870740.0)	(36.0, 114848664.0)	(37.0, 2602632.0)
BACW_56_2_val_2	(11.0, 95.0)	(12.0, 727.0)	(13.0, 2508.0)	(14.0, 6354.0)	(15.0, 14413.0)	(16.0, 26471.0)	(17.0, 42388.0)	(18.0, 60691.0)	(19.0, 84602.0)	(20.0, 118821.0)	(21.0, 182227.0)	(22.0, 297299.0)	(23.0, 501910.0)	(24.0, 807983.0)	(25.0, 1251931.0)	(26.0, 1818646.0)	(27.0, 2585667.0)	(28.0, 3524599.0)	(29.0, 4826439.0)	(30.0, 6490401.0)	(31.0, 9003285.0)	(32.0, 12699919.0)	(33.0, 19432301.0)	(34.0, 32874117.0)	(35.0, 67737536.0)	(36.0, 120198724.0)	(37.0, 5127489.0)
BACW_57_1	(13.0, 6.0)	(14.0, 15.0)	(15.0, 65.0)	(16.0, 286.0)	(17.0, 818.0)	(18.0, 2087.0)	(19.0, 5486.0)	(20.0, 13572.0)	(21.0, 33345.0)	(22.0, 74646.0)	(23.0, 159814.0)	(24.0, 310141.0)	(25.0, 555858.0)	(26.0, 913083.0)	(27.0, 1403086.0)	(28.0, 2059094.0)	(29.0, 2930396.0)	(30.0, 4065883.0)	(31.0, 5558081.0)	(32.0, 7678173.0)	(33.0, 11075724.0)	(34.0, 18085782.0)	(35.0, 40113939.0)	(36.0, 119044910.0)	(37.0, 3787508.0)		
BACW_57_1_val_1	(12.0, 1.0)	(13.0, 1.0)	(14.0, 18.0)	(15.0, 91.0)	(16.0, 330.0)	(17.0, 951.0)	(18.0, 2673.0)	(19.0, 7126.0)	(20.0, 18329.0)	(21.0, 43198.0)	(22.0, 93517.0)	(23.0, 187672.0)	(24.0, 340860.0)	(25.0, 579330.0)	(26.0, 904328.0)	(27.0, 1360170.0)	(28.0, 1959548.0)	(29.0, 2783537.0)	(30.0, 3827615.0)	(31.0, 5265343.0)	(32.0, 7225320.0)	(33.0, 10549031.0)	(34.0, 17384237.0)	(35.0, 38839833.0)	(36.0, 119181637.0)	(37.0, 7212033.0)	
BACW_57_2	(11.0, 37.0)	(12.0, 540.0)	(13.0, 2200.0)	(14.0, 6315.0)	(15.0, 15103.0)	(16.0, 30295.0)	(17.0, 50324.0)	(18.0, 75187.0)	(19.0, 105724.0)	(20.0, 146977.0)	(21.0, 213034.0)	(22.0, 326781.0)	(23.0, 513555.0)	(24.0, 793220.0)	(25.0, 1187195.0)	(26.0, 1707666.0)	(27.0, 2370907.0)	(28.0, 3204114.0)	(29.0, 4293460.0)	(30.0, 5757760.0)	(31.0, 7864189.0)	(32.0, 11205895.0)	(33.0, 16908413.0)	(34.0, 27955669.0)	(35.0, 53591371.0)	(36.0, 77968449.0)	(37.0, 1577418.0)
BACW_57_2_val_2	(11.0, 80.0)	(12.0, 554.0)	(13.0, 2068.0)	(14.0, 6123.0)	(15.0, 14269.0)	(16.0, 26500.0)	(17.0, 43045.0)	(18.0, 59940.0)	(19.0, 81170.0)	(20.0, 113143.0)	(21.0, 168974.0)	(22.0, 268982.0)	(23.0, 443951.0)	(24.0, 697633.0)	(25.0, 1070206.0)	(26.0, 1542840.0)	(27.0, 2180999.0)	(28.0, 2959260.0)	(29.0, 4039870.0)	(30.0, 5422056.0)	(31.0, 7510691.0)	(32.0, 10570257.0)	(33.0, 16114293.0)	(34.0, 26851989.0)	(35.0, 52416293.0)	(36.0, 81918030.0)	(37.0, 3243513.0)
BACW_58_1	(13.0, 1.0)	(14.0, 24.0)	(15.0, 115.0)	(16.0, 422.0)	(17.0, 1403.0)	(18.0, 3221.0)	(19.0, 7701.0)	(20.0, 17744.0)	(21.0, 39799.0)	(22.0, 85604.0)	(23.0, 176416.0)	(24.0, 340071.0)	(25.0, 609156.0)	(26.0, 1002675.0)	(27.0, 1538783.0)	(28.0, 2236946.0)	(29.0, 3151460.0)	(30.0, 4340317.0)	(31.0, 5919281.0)	(32.0, 8176573.0)	(33.0, 11796515.0)	(34.0, 19197437.0)	(35.0, 42254397.0)	(36.0, 128893354.0)	(37.0, 4428345.0)		
BACW_58_1_val_1	(12.0, 1.0)	(13.0, 4.0)	(14.0, 26.0)	(15.0, 144.0)	(16.0, 531.0)	(17.0, 1386.0)	(18.0, 3701.0)	(19.0, 9203.0)	(20.0, 22025.0)	(21.0, 49481.0)	(22.0, 103590.0)	(23.0, 205050.0)	(24.0, 372630.0)	(25.0, 635376.0)	(26.0, 994085.0)	(27.0, 1493254.0)	(28.0, 2131727.0)	(29.0, 2996792.0)	(30.0, 4087495.0)	(31.0, 5605045.0)	(32.0, 7686087.0)	(33.0, 11220690.0)	(34.0, 18422596.0)	(35.0, 40866540.0)	(36.0, 128846681.0)	(37.0, 8377665.0)	
BACW_58_2	(11.0, 36.0)	(12.0, 480.0)	(13.0, 2022.0)	(14.0, 5083.0)	(15.0, 11231.0)	(16.0, 21005.0)	(17.0, 35650.0)	(18.0, 55279.0)	(19.0, 80419.0)	(20.0, 116385.0)	(21.0, 175536.0)	(22.0, 281312.0)	(23.0, 457813.0)	(24.0, 719155.0)	(25.0, 1075898.0)	(26.0, 1537658.0)	(27.0, 2134068.0)	(28.0, 2892342.0)	(29.0, 3881194.0)	(30.0, 5212176.0)	(31.0, 7121376.0)	(32.0, 10136727.0)	(33.0, 15372496.0)	(34.0, 26031158.0)	(35.0, 54447590.0)	(36.0, 99869199.0)	(37.0, 2544472.0)
BACW_58_2_val_2	(11.0, 96.0)	(12.0, 586.0)	(13.0, 2021.0)	(14.0, 4947.0)	(15.0, 10599.0)	(16.0, 19307.0)	(17.0, 31211.0)	(18.0, 45247.0)	(19.0, 63579.0)	(20.0, 90761.0)	(21.0, 142372.0)	(22.0, 236579.0)	(23.0, 403733.0)	(24.0, 645930.0)	(25.0, 987261.0)	(26.0, 1408133.0)	(27.0, 1977995.0)	(28.0, 2672370.0)	(29.0, 3637397.0)	(30.0, 4871995.0)	(31.0, 6747463.0)	(32.0, 9491073.0)	(33.0, 14495311.0)	(34.0, 24639840.0)	(35.0, 52390974.0)	(36.0, 104048787.0)	(37.0, 5066238.0)
BACW_59_1	(13.0, 1.0)	(14.0, 16.0)	(15.0, 111.0)	(16.0, 445.0)	(17.0, 1283.0)	(18.0, 3310.0)	(19.0, 7718.0)	(20.0, 17022.0)	(21.0, 37553.0)	(22.0, 79540.0)	(23.0, 163990.0)	(24.0, 315089.0)	(25.0, 556524.0)	(26.0, 905549.0)	(27.0, 1386393.0)	(28.0, 2036050.0)	(29.0, 2901899.0)	(30.0, 4037440.0)	(31.0, 5541256.0)	(32.0, 7686169.0)	(33.0, 11137872.0)	(34.0, 18220966.0)	(35.0, 40357226.0)	(36.0, 121511831.0)	(37.0, 3976628.0)		
BACW_59_1_val_1	(13.0, 4.0)	(14.0, 29.0)	(15.0, 133.0)	(16.0, 471.0)	(17.0, 1490.0)	(18.0, 3617.0)	(19.0, 8974.0)	(20.0, 20734.0)	(21.0, 46390.0)	(22.0, 96974.0)	(23.0, 191998.0)	(24.0, 345023.0)	(25.0, 579335.0)	(26.0, 896692.0)	(27.0, 1346894.0)	(28.0, 1938068.0)	(29.0, 2758202.0)	(30.0, 3807891.0)	(31.0, 5253550.0)	(32.0, 7242886.0)	(33.0, 10623111.0)	(34.0, 17548872.0)	(35.0, 39160660.0)	(36.0, 121504113.0)	(37.0, 7412390.0)		
BACW_59_2	(11.0, 49.0)	(12.0, 641.0)	(13.0, 2446.0)	(14.0, 6184.0)	(15.0, 13480.0)	(16.0, 25698.0)	(17.0, 43484.0)	(18.0, 65593.0)	(19.0, 92648.0)	(20.0, 130081.0)	(21.0, 187283.0)	(22.0, 287918.0)	(23.0, 455424.0)	(24.0, 711337.0)	(25.0, 1077192.0)	(26.0, 1566189.0)	(27.0, 2198844.0)	(28.0, 3001606.0)	(29.0, 4035127.0)	(30.0, 5419578.0)	(31.0, 7387744.0)	(32.0, 10516483.0)	(33.0, 15890076.0)	(34.0, 26588605.0)	(35.0, 53296155.0)	(36.0, 85954805.0)	(37.0, 1927211.0)
BACW_59_2_val_2	(11.0, 121.0)	(12.0, 722.0)	(13.0, 2257.0)	(14.0, 5762.0)	(15.0, 12692.0)	(16.0, 23612.0)	(17.0, 36992.0)	(18.0, 52871.0)	(19.0, 72161.0)	(20.0, 99731.0)	(21.0, 149757.0)	(22.0, 238357.0)	(23.0, 396776.0)	(24.0, 634752.0)	(25.0, 984178.0)	(26.0, 1432131.0)	(27.0, 2040002.0)	(28.0, 2786056.0)	(29.0, 3803692.0)	(30.0, 5097577.0)	(31.0, 7040807.0)	(32.0, 9902324.0)	(33.0, 15094846.0)	(34.0, 25414264.0)	(35.0, 51826171.0)	(36.0, 89840747.0)	(37.0, 3799143.0)
BACW_64_1	(12.0, 1.0)	(13.0, 3.0)	(14.0, 13.0)	(15.0, 108.0)	(16.0, 514.0)	(17.0, 1634.0)	(18.0, 4313.0)	(19.0, 9828.0)	(20.0, 21754.0)	(21.0, 45025.0)	(22.0, 92596.0)	(23.0, 186968.0)	(24.0, 359384.0)	(25.0, 640819.0)	(26.0, 1057835.0)	(27.0, 1631093.0)	(28.0, 2403718.0)	(29.0, 3428602.0)	(30.0, 4769549.0)	(31.0, 6531882.0)	(32.0, 9047896.0)	(33.0, 13057505.0)	(34.0, 21300102.0)	(35.0, 46710316.0)	(36.0, 134931012.0)	(37.0, 4403572.0)	
BACW_64_1_val_1	(13.0, 2.0)	(14.0, 29.0)	(15.0, 155.0)	(16.0, 622.0)	(17.0, 1887.0)	(18.0, 4760.0)	(19.0, 11388.0)	(20.0, 24810.0)	(21.0, 53624.0)	(22.0, 110417.0)	(23.0, 217578.0)	(24.0, 394216.0)	(25.0, 670785.0)	(26.0, 1048464.0)	(27.0, 1588043.0)	(28.0, 2299000.0)	(29.0, 3271513.0)	(30.0, 4509164.0)	(31.0, 6212723.0)	(32.0, 8548179.0)	(33.0, 12495675.0)	(34.0, 20595623.0)	(35.0, 45482205.0)	(36.0, 134887941.0)	(37.0, 8112084.0)		
BACW_64_2	(11.0, 34.0)	(12.0, 445.0)	(13.0, 1834.0)	(14.0, 5346.0)	(15.0, 13345.0)	(16.0, 27808.0)	(17.0, 48727.0)	(18.0, 75437.0)	(19.0, 103621.0)	(20.0, 139699.0)	(21.0, 194656.0)	(22.0, 292007.0)	(23.0, 454127.0)	(24.0, 701059.0)	(25.0, 1050609.0)	(26.0, 1530539.0)	(27.0, 2172952.0)	(28.0, 3008628.0)	(29.0, 4108218.0)	(30.0, 5595264.0)	(31.0, 7728745.0)	(32.0, 11088353.0)	(33.0, 16887410.0)	(34.0, 28668177.0)	(35.0, 59626259.0)	(36.0, 104748581.0)	(37.0, 2364162.0)
BACW_64_2_val_2	(11.0, 57.0)	(12.0, 551.0)	(13.0, 2011.0)	(14.0, 5958.0)	(15.0, 14346.0)	(16.0, 27239.0)	(17.0, 45343.0)	(18.0, 62151.0)	(19.0, 80792.0)	(20.0, 106529.0)	(21.0, 154928.0)	(22.0, 241940.0)	(23.0, 396874.0)	(24.0, 628054.0)	(25.0, 965574.0)	(26.0, 1409192.0)	(27.0, 2022735.0)	(28.0, 2794781.0)	(29.0, 3871571.0)	(30.0, 5266046.0)	(31.0, 7362757.0)	(32.0, 10438212.0)	(33.0, 16055704.0)	(34.0, 27389848.0)	(35.0, 57741053.0)	(36.0, 108757974.0)	(37.0, 4698667.0)
