# Position (bp)	A	C	G	T	N
0.0	38.91028498724698	10.825222621830424	11.416902751298526	38.84752559583805	6.404378601864752E-5
1.0	39.547525584577606	10.684936116112313	11.391958048533198	38.365046807421486	0.010533443355396676
2.0	39.59890805485593	10.658096491436488	11.167467335980064	38.57552811772751	0.0
3.0	39.75772890262563	10.668883646713418	11.013621493961642	38.55976490103251	1.055666802505179E-6
4.0	39.66350113950082	10.704945928464864	10.830088893901038	38.801464038133275	0.0
5.0	38.886288977048174	10.844022640027303	10.828733065837689	39.4409539095311	1.407555736673572E-6
6.0	38.85656315933429	11.019776735198116	10.810882795874127	39.31270130158368	7.600800978037289E-5
7.0	39.11559634533221	10.93829474115782	10.932048008798462	39.01402078937302	4.01153384951968E-5
8.0	38.94516492217962	11.003412492203548	11.014154253807973	39.03726446103058	3.870778275852323E-6
9.0	39.54820648966522	10.791917389878188	11.202634412282984	38.457214964614614	2.6743558996797867E-5
10.0	39.19896164894816	10.916017004624551	11.084480664857264	38.80051921634503	2.1465224984271975E-5
11.0	38.86104692813347	11.009492077319177	10.894001073458307	39.23543106619645	2.8854892601808224E-5
12.0	38.59346460047994	11.113933416758224	10.677559116496408	39.61503723604248	5.630222946694288E-6
13.0	38.5666330692496	10.957320672050436	10.632521907478996	39.843522239887356	2.111333605010358E-6
14.0	38.53543881901344	11.018544420150658	10.736047280022404	39.709476836305655	4.926445078357501E-4
15.0	38.77576523738202	10.973535714136915	10.872244836325477	39.37838348247982	7.072967576784699E-5
16.0	38.89741148247936	11.172431433174378	10.809306333449054	39.1205551641925	2.955867047014501E-4
17.0	39.04424206670621	11.077496021402954	11.088310975905687	38.78993861987246	1.2316112695893755E-5
18.0	38.819026462948685	11.17100593110206	11.023718946927605	38.98604385966196	2.0479935968600475E-4
19.0	38.743935827619694	11.185334496612462	10.843581019414923	39.227076871010354	7.178534257035218E-5
20.0	38.92969166047213	11.133426399674393	10.671092331719333	39.26557565874744	2.1394938670440605E-4
21.0	38.549337691991525	11.21157780639701	10.558213312919742	39.68070544748793	1.6574120379497247E-4
22.0	38.74796168938832	11.123948203009826	10.553879273456634	39.574023274661066	1.8755948415610086E-4
23.0	38.96588804141359	11.057360139916923	10.67895552512821	39.297728377624544	6.791591673096187E-5
24.0	38.90801449244503	11.08587532474521	10.752604238668319	39.253455270813795	5.0673327647434074E-5
25.0	39.41818377218857	10.842500675076861	11.00534116133349	38.73397087239743	3.519003649013239E-6
26.0	39.404561101457595	10.902747911490044	10.843034221474884	38.8496514870348	5.278542679667393E-6
27.0	39.1424639085237	10.938345040673507	10.925883009741819	38.99330768915543	3.5190554123309775E-7
28.0	39.18789785129749	10.984242608983742	10.884794311834847	38.94306522788391	0.0
29.0	39.1694776618144	11.052724074428	10.923915778256504	38.85388248550111	0.0
30.0	39.057132387424595	11.10937710099675	10.977165574843832	38.856252793843446	7.214289137679574E-5
31.0	39.04136448801864	11.141019226861014	10.761288823897074	39.05632534969782	2.111525453404693E-6
32.0	38.94955817832139	11.040367782815835	10.688922115568081	39.32114030975843	1.161353626911072E-5
33.0	39.25770457644157	10.770638976026238	10.743144102456782	39.22846764998103	4.469509437729906E-5
34.0	39.52174724558809	10.688463831247914	10.796919171369233	38.992853914736834	1.5837057930743736E-5
35.0	39.49832013893735	10.635866028797045	10.947819059485449	38.91798175101061	1.3021769547972498E-5
36.0	39.48285561864226	10.717506680212667	10.922118894867317	38.830455973221554	0.04706283305620161
37.0	39.218460824141125	10.879734828044342	10.964042304873352	38.9377609870872	1.0558539823206471E-6
38.0	39.07744002981451	10.99622094080358	10.968528169132957	38.95780874850001	2.111748939067892E-6
39.0	39.22820198534729	10.983000844662087	11.051955207736809	38.73669976798965	1.4219426417058761E-4
40.0	38.94306745081517	11.148702630327465	10.915244770014876	38.99294115205599	4.3996786488793834E-5
41.0	38.93202322707734	11.02667282350284	10.646172731059838	39.3951284024976	2.8158623849756735E-6
42.0	39.12236390016119	10.841064919487541	10.741716814909749	39.29483113402317	2.323141834475708E-5
43.0	39.217257167001115	10.755021261089928	10.95244987897946	39.07526711693149	4.5759980041327104E-6
44.0	39.20889173111478	10.832104935245331	10.911905959219665	39.04706041353096	3.69608892612544E-5
45.0	39.41283358753436	10.742466553400668	10.952260016026921	38.892438786986396	1.056051659681636E-6
46.0	39.2981750494325	10.8281406194629	10.86684133719916	39.006839473642216	3.5202632176845545E-6
47.0	39.278987576964454	10.828412347612483	10.935370818726351	38.957221863935374	7.392761343231222E-6
48.0	39.07040353585716	10.966534862580811	10.84658139662988	39.116474924221	5.280711145343262E-6
49.0	39.08207837909472	10.891587835943847	10.968322976389503	39.057993909660475	1.6898911458026675E-5
50.0	38.85046993847246	10.970397132397238	10.909999082387904	39.2691338467424	0.0
51.0	38.896132998450376	10.956024788265726	10.891024443272453	39.25282861475358	0.003989155257855739
52.0	38.98508629725488	10.872450242679644	10.786083219127562	39.27832841699856	0.07805182393935195
53.0	38.971489245936354	10.876335248703807	10.721992487640323	39.42997527103144	2.0774668808293237E-4
54.0	39.18846815008091	10.820506123986029	10.75547450437119	39.235550165184954	1.0563769206939534E-6
55.0	39.292434288717494	10.820458451625486	10.831592396945737	39.055485282996976	2.9579714305174518E-5
56.0	39.090164756243496	10.895571430468532	10.83843518194436	39.17582863134362	0.0
57.0	39.16389752634186	10.793453656834146	11.003826852910482	39.03882090740417	1.0565093389262589E-6
58.0	39.30455047979994	10.76818702570946	11.054301862565525	38.87296063192507	0.0
59.0	39.28567571870433	10.771835265655588	11.006384322952124	38.93610328384741	1.408840546278767E-6
60.0	39.15683550845395	10.804521322147822	10.887550904360062	39.15108451579835	7.749239812783297E-6
61.0	39.04582575982506	10.820424485638599	10.741939875269852	39.39180987926649	0.0
62.0	39.00090560585996	10.907039572389923	10.849894346452723	39.24216012300793	3.5228946210306527E-7
63.0	39.12766346095797	10.872987605553806	10.814132672586316	39.18521590859319	3.52308718490847E-7
64.0	39.248721275998925	10.823816425987975	10.850571114854041	39.076549777869005	3.414052900591147E-4
65.0	39.36819895584535	10.761878531824324	10.869140822644853	39.000781337338104	3.5234736918004595E-7
66.0	39.67007750069615	10.688224892525563	11.01839792546871	38.62329968130958	0.0
67.0	39.67641570055933	10.734650746078596	11.098505275999043	38.49042545824673	2.819116290841053E-6
68.0	39.444123407628204	10.85955012025154	11.034419387408752	38.661899331617775	7.753093736376361E-6
69.0	39.20101769325545	10.993057594484428	11.013573272998748	38.79235108681886	3.5244251012403447E-7
70.0	38.99341632093746	11.002388090871387	10.958061417884208	39.046132055417495	2.1148894519789886E-6
71.0	38.91522441837272	11.024287768907676	10.969122392991276	39.09136295204667	2.467681654683487E-6
72.0	38.72481390245683	11.164355580680429	10.943619336269226	39.167210122885564	1.057707946175499E-6
73.0	38.75752738736433	11.126136063248516	10.890381897447025	39.225952183701494	2.468238634727226E-6
74.0	38.95105452712827	11.082560449813917	10.94532001130098	39.0210639538504	1.0579064340578675E-6
75.0	39.24129344636571	10.948833578086226	11.034459825790636	38.775412444431225	7.053261974259375E-7
76.0	39.25725601161074	10.928538085383648	11.076744984072194	38.737458802785355	2.11614806666861E-6
77.0	39.22231686783295	10.9330760453842	11.00174192664624	38.84286516013661	0.0
78.0	39.15182489447637	10.953410182313492	10.98873582533043	38.90602415925316	4.938626558923332E-6
79.0	39.07076833660285	11.014725250994408	10.915054792203886	38.999451620198855	0.0
80.0	38.85658254630833	11.142471803516985	10.852358679832554	39.14858167752399	5.292818141894935E-6
81.0	38.86388558096306	11.15333739601208	10.822364594785203	39.16041242823965	0.0
82.0	38.86895527769177	11.10850838162722	10.81756635708057	39.20496963064011	3.5296033142015067E-7
83.0	38.790152814380676	11.079592589497604	10.826206094258207	39.30404638379928	2.118064232754813E-6
84.0	38.83727618948992	10.996063697768497	10.822873785546443	39.34378632719514	0.0
85.0	38.84798032257999	10.93407565929886	10.774202553844754	39.44374146427639	0.0
86.0	39.04903970668604	10.93525528887915	10.740517330399909	39.2751876740349	0.0
87.0	39.28979066554216	10.905376726563675	10.745315832657536	39.05951677523663	0.0
88.0	39.27365676323078	10.964230271608958	10.793856884701793	38.96824689598548	9.184472987133196E-6
89.0	39.341466725243734	10.979671711539263	10.846384456546348	38.83240220475348	7.490191717604622E-5
90.0	39.29211198700799	10.988846847657149	10.820283067198279	38.89870897766755	4.9120469024572155E-5
91.0	39.177027436795875	10.952653864443466	10.824432206206515	39.04587412120045	1.2371353695047467E-5
92.0	38.858248742126364	10.984337406655378	10.778265408111036	39.37914349343083	4.949676392632287E-6
93.0	38.83128966889348	10.981380445472908	10.75842693987001	39.42632010954903	0.0025828362145689345
94.0	38.958869059805565	10.94247223190589	10.749518567248039	39.34721362485441	0.001926516186099497
95.0	39.19052818409018	10.907977112328753	10.846978296381797	39.053565528217256	9.508789820246199E-4
96.0	39.4551293683027	10.846066308206538	10.907153932863862	38.79162314669196	2.7243934936628997E-5
97.0	39.68710343890754	10.735332787906682	10.903752804200119	38.67381096898565	0.0
98.0	39.625528715795504	10.747013931950713	10.922529194439708	38.70492143239971	6.725414364636972E-6
99.0	39.34006616731099	10.86317937125745	10.964698578416696	38.83205588301487	0.0
100.0	38.97163206346044	10.999104914547903	10.886953785108586	39.14230923688307	0.0
101.0	38.67923316987696	11.116749760101632	10.784840747306626	39.41917455120121	1.7715135797853576E-6
102.0	38.67741537623232	11.09009851645497	10.743360693950475	39.48912115988029	4.253481946400711E-6
103.0	38.76461170930195	11.024989563156602	10.712787264608885	39.49761146293256	0.0
104.0	38.95206266222067	10.939140778870062	10.6744420375899	39.43435381186527	7.094540937335147E-7
105.0	39.2355157303527	10.849431381905331	10.736697731573882	39.17834309203458	1.2064133501417464E-5
106.0	39.359642695973115	10.81733609902929	10.825001038773959	38.99568192659418	0.002338239629462701
107.0	39.25845673797307	10.875035518669424	10.920830087617949	38.9436682033037	0.0020094524358561126
108.0	39.00617347049249	11.002299623733675	10.91032774351793	39.080625256927846	5.739053280585799E-4
109.0	38.80903761111586	11.06729327376059	10.866175066804187	39.257421929451354	7.211886800931607E-5
110.0	38.70025876465434	11.11244384277857	10.82440000409866	39.36289028014496	7.108323460434789E-6
111.0	38.7902801046364	11.114697770142175	10.800495533839031	39.29449494264778	3.164873460624663E-5
112.0	38.76350566996244	11.140020169034596	10.700111360368494	39.39630657725408	5.6223380386692245E-5
113.0	38.604548970254264	11.16285492891285	10.6437825394066	39.58693206949784	0.0018814919284370218
114.0	38.67982815725114	11.10035602589223	10.685111895252177	39.534492547560745	2.1137404370800316E-4
115.0	38.86943518472669	10.99938247303225	10.731689710408428	39.39823231447359	0.0012603173590408966
116.0	38.9564296388908	10.891919154749994	10.757604685943276	39.39398797568291	5.854473300952955E-5
117.0	38.985751157621095	10.83875371321863	10.777533834087933	39.39796129507234	0.0
118.0	39.01190664059868	10.816146293481118	10.775746358907938	39.39619677382278	3.933189484675123E-6
119.0	38.96433527327311	10.879861450829775	10.798145455959991	39.3576571040125	7.159246268395912E-7
120.0	38.80017185153503	10.976883446286319	10.833999092892668	39.38894453385167	1.0754343107408507E-6
121.0	38.6433485833442	11.06468418751541	10.82941681230487	39.46254682628282	3.5905527014611186E-6
122.0	38.557163569936044	11.117712572217183	10.846208310665864	39.478614125565066	3.014216158447401E-4
123.0	38.6461389883983	11.05289534902989	10.854562503794437	39.44640279838909	3.603882849329824E-7
124.0	38.973186925142606	10.891558737196625	10.865083060319474	39.2701712773413	0.0
125.0	39.239964617228885	10.792222872214245	10.91819589996031	39.049615523309946	1.0872866195931723E-6
126.0	39.49973450410618	10.741003205444784	10.914587727862578	38.841964047413676	0.002710515172780731
127.0	39.60397344812001	10.821310524062286	10.86784884076593	38.70527481845289	0.001592368598884094
128.0	39.670032243435536	11.152675714147664	10.615993909652651	38.561144042655286	1.540901088620135E-4
129.0	36.72275611971404	9.903749622318152	12.562227796285889	40.81125322313361	1.3238548300369672E-5
