#Position (bp)	insert size
3874904.0	261.5444386412487
1.1624711E7	264.61866555851736
1.9374518E7	264.4787818299919
2.7124325E7	267.8144603202595
3.4874132E7	262.8683595008612
4.2623939E7	266.5128027063358
5.0373746E7	260.6544870099485
5.8123553E7	261.2726092352443
6.587336E7	260.2273170503996
7.3623167E7	255.21234193701162
8.1372974E7	256.16395303033147
8.9122781E7	260.52009441200914
9.6872588E7	259.93177461775065
1.04622395E8	254.8914175891113
1.12372202E8	263.27617423845794
1.20122009E8	297.47365263028263
1.27871816E8	354.25070524521414
1.35621623E8	0.0
1.4337143E8	360.82485814461626
1.51121237E8	269.7008892749518
1.58871044E8	268.3311169664834
1.66620851E8	259.3362797653633
1.74370658E8	259.53263944612473
1.82120465E8	262.69584512242375
1.89870272E8	255.5740891672386
1.97620079E8	258.67548264907134
2.05369886E8	264.92017023099834
2.13119693E8	258.41046220983833
2.208695E8	259.0484509887474
2.28619307E8	263.63200818161795
2.36369114E8	260.90704211149904
2.44118921E8	260.9968211288456
2.484751235E8	263.9508208808494
2.52350027E8	255.54464740960785
2.59618535E8	263.22207295340974
2.67368342E8	257.3211081683064
2.75118149E8	262.59869489654267
2.82867956E8	260.80671833814483
2.90617763E8	262.4525286722047
2.9836757E8	258.58344129620497
3.06117377E8	259.3030634723754
3.13867184E8	263.5367759099054
3.21616991E8	264.3263772439336
3.29366798E8	253.23616899648368
3.37116605E8	268.46967476826046
3.44866412E8	281.7676742127229
3.52616219E8	260.7623080287714
3.60366026E8	264.6682698687378
3.68115833E8	257.4030782536515
3.7586564E8	257.7523675591465
3.83615447E8	259.2140334146196
3.91365254E8	257.3206178831132
3.99115061E8	257.5423922124358
4.06864868E8	259.1069992885094
4.14614675E8	256.7363956859277
4.22364482E8	262.01363062152603
4.30114289E8	257.386381891763
4.37864096E8	257.46313734606724
4.45613903E8	257.99380344910503
4.5336371E8	262.2573246161017
4.61113517E8	254.87010199465482
4.68863324E8	259.7455972811605
4.76613131E8	260.23060453108457
4.84362938E8	261.7363310222509
4.896938965E8	263.58530060282396
4.935688E8	256.62031494527236
4.99862552E8	260.21386549935875
5.07612359E8	263.22006416449443
5.15362166E8	256.1183148232816
5.23111973E8	259.3239967329159
5.3086178E8	262.9020320879817
5.38611587E8	267.1185463582567
5.46361394E8	262.77417428886883
5.54111201E8	256.7759663891161
5.61861008E8	260.00122360341095
5.69610815E8	253.77709707349263
5.77360622E8	252.7296024293113
5.85110429E8	256.67115601521726
5.92860236E8	257.2873623975857
6.00610043E8	257.66679497791694
6.0835985E8	258.11719291989044
6.16109657E8	262.7544092901952
6.23859464E8	261.7803745753035
6.31609271E8	260.6477744654982
6.39359078E8	258.8614162187427
6.47108885E8	259.5513534653742
6.54858692E8	255.88547092179786
6.62608499E8	260.3664812892031
6.70358306E8	257.57447790367854
6.78108113E8	264.4458633857593
6.857142635E8	264.6859308665921
6.89589167E8	269.7049473759576
6.93607727E8	263.510672953279
7.01357534E8	259.4617504474207
7.09107341E8	254.92487512257685
7.16857148E8	256.1439850699184
7.24606955E8	257.6169964066318
7.32356762E8	258.28049028671774
7.40106569E8	262.6252911367147
7.47856376E8	256.2761395177948
7.55606183E8	254.46354328709415
7.6335599E8	259.30314699133794
7.71105797E8	259.38161522426196
7.78855604E8	258.3470498860471
7.86605411E8	256.3996467980188
7.94355218E8	258.69732395844267
8.02105025E8	256.058167295262
8.09854832E8	257.39633588632563
8.17604639E8	255.39441091020493
8.25354446E8	255.8393980357537
8.33104253E8	258.421043367967
8.4085406E8	258.5496276470381
8.48603867E8	255.35617661013913
8.56353674E8	256.33849119419796
8.64103481E8	253.986786570585
8.71853288E8	258.7697933661112
8.776941285E8	255.90603526494945
8.81569032E8	258.15174750506554
8.87352902E8	256.05923935081245
8.95102709E8	256.3127494992156
9.02852516E8	254.4699730357973
9.10602323E8	257.0011524314512
9.1835213E8	259.44630621819294
9.26101937E8	260.87911008604976
9.33851744E8	260.9273651319915
9.41601551E8	258.8482443909241
9.49351358E8	261.7314882168144
9.57101165E8	262.6811041480744
9.64850972E8	256.01549231718803
9.72600779E8	258.91898983968065
9.80350586E8	255.77240996297542
9.88100393E8	255.75638526182982
9.958502E8	257.3798813938783
1.003600007E9	256.5796855489703
1.011349814E9	261.20701104828015
1.019099621E9	263.7770187700558
1.026849428E9	260.3491155621315
1.034599235E9	258.90116570768464
1.042349042E9	255.5621058135355
1.050098849E9	261.36422324031656
1.0575860385E9	265.15723827055604
1.061460942E9	266.13701327763687
1.065598463E9	264.57886816883416
1.07334827E9	264.15307534659433
1.081098077E9	261.1677629367628
1.088847884E9	266.0591440316739
1.096597691E9	268.0274940445549
1.104347498E9	262.8734618793305
1.112097305E9	256.8843497661029
1.119847112E9	259.23876617177467
1.127596919E9	253.80386202628654
1.135346726E9	256.2281766556509
1.143096533E9	255.8310307991454
1.15084634E9	257.62118606778523
1.158596147E9	253.74322562140853
1.166345954E9	259.9534521503739
1.174095761E9	261.12507261644345
1.181845568E9	255.8709805416349
1.189595375E9	257.37873691304526
1.197345182E9	262.68248732546544
1.205094989E9	259.9710953229502
1.212844796E9	260.785033230284
1.220594603E9	261.6333622708021
1.228236905E9	259.2847890955977
1.2321118085E9	272.68249981532097
1.236094217E9	265.3804770783932
1.243844024E9	254.61855432858752
1.251593831E9	258.5298486567311
1.259343638E9	261.1245389638557
1.267093445E9	261.87801540810347
1.274843252E9	259.6066901975295
1.282593059E9	256.87309511226744
1.290342866E9	264.6579270978636
1.298092673E9	259.9486102280562
1.30584248E9	264.93756252545006
1.313592287E9	254.7092565121533
1.321342094E9	257.7842717511646
1.329091901E9	260.6188585732795
1.336841708E9	263.6130128600672
1.344591515E9	255.66009769461388
1.352341322E9	255.33719905440964
1.360091129E9	261.94251648247706
1.367840936E9	260.7904807526961
1.375590743E9	261.3734536139512
1.38334055E9	262.27743007770806
1.389282865E9	260.3199801712764
1.3931577685E9	258.0611792125137
1.398840164E9	259.50353135128046
1.406589971E9	257.44532049506125
1.414339778E9	260.8713051750888
1.422089585E9	259.6514633409183
1.429839392E9	257.4635520875017
1.437589199E9	259.56756190295295
1.445339006E9	256.29505270387125
1.453088813E9	257.96223444993655
1.46083862E9	257.77000586622285
1.468588427E9	256.5860859334818
1.476338234E9	255.25419492196318
1.484088041E9	257.7580486730909
1.491837848E9	261.79870047298596
1.499587655E9	256.83071026410227
1.507337462E9	256.2889895387838
1.515087269E9	261.84272645008843
1.522837076E9	261.6661849809484
1.530586883E9	258.14616598791326
1.5354753495E9	270.97140705180095
1.539350253E9	260.7020361776017
1.546086497E9	255.70894961534023
1.553836304E9	256.39617261280887
1.561586111E9	254.9744701469996
1.569335918E9	261.6138947290573
1.577085725E9	269.2603011821881
1.584835532E9	362.8376335678916
1.592585339E9	0.0
1.600335146E9	276.2933978873239
1.608084953E9	259.2133227643882
1.61583476E9	258.27292191063606
1.623584567E9	261.4767279347536
1.631334374E9	263.7785486895469
1.639084181E9	258.6858344707849
1.646833988E9	262.50026820099026
1.654583795E9	258.4526893929517
1.662333602E9	266.7547871580318
1.670083409E9	266.04637752666207
1.674420971E9	267.9039399853623
1.6782958745E9	262.0020338091166
1.685583023E9	261.91844827339537
1.69333283E9	259.68651614834914
1.701082637E9	261.19938239293936
1.708832444E9	261.02955406587
1.716582251E9	269.17382109576425
1.724332058E9	262.8354616444649
1.732081865E9	254.62127249925507
1.739831672E9	257.7881448859595
1.747581479E9	266.0824905078507
1.755331286E9	259.2047472714292
1.763081093E9	260.0646612655218
1.7708309E9	262.41932130564345
1.778580707E9	261.4394198187912
1.786330514E9	259.7225876080171
1.794080321E9	258.1205029884778
1.801830128E9	259.6543746951568
1.8071930415E9	261.81368747178794
1.811067945E9	269.062938460616
1.817329742E9	262.24260114445184
1.825079549E9	259.3016141965624
1.832829356E9	254.39384830635166
1.840579163E9	260.02015132434934
1.84832897E9	254.92779530963927
1.856078777E9	263.3446925338322
1.863828584E9	272.6926301608401
1.871578391E9	270.31530364533586
1.879328198E9	267.79648947359345
1.887078005E9	260.68807406985246
1.894827812E9	257.75077044576
1.902577619E9	257.07928818870477
1.910327426E9	255.64298199755606
1.918077233E9	257.32493316632707
1.92582704E9	260.5488446977049
1.933576847E9	261.13123107464025
1.940609712E9	256.674536830005
1.9444846155E9	268.7109583670269
1.949076461E9	264.608981177546
1.956826268E9	261.41071985371445
1.964576075E9	256.3007684930391
1.972325882E9	261.3059796271422
1.980075689E9	261.95943553787066
1.987825496E9	260.01210031260075
1.995575303E9	265.41413121140465
2.00332511E9	262.2141650182989
2.011074917E9	260.7402723581731
2.018824724E9	256.4272049994107
2.026574531E9	254.01961592836946
2.034324338E9	259.7862557544156
2.042074145E9	258.131554036709
2.049823952E9	261.6454491466802
2.057573759E9	262.5100465602669
2.065323566E9	266.68217245771376
2.073073373E9	258.3956342703568
2.0769956295E9	259.2480940971466
2.080870533E9	0.0
2.088572987E9	0.0
2.096322794E9	275.4803085273232
2.104072601E9	261.00521005431114
2.111822408E9	257.24553356958364
2.119572215E9	262.0371363480076
2.127322022E9	263.1610764752635
2.135071829E9	253.37965561088578
2.142821636E9	254.38009366690142
2.150571443E9	256.7743963977952
2.15832125E9	254.79498323146632
2.166071057E9	254.21553755603537
2.173820864E9	259.89222019753
2.181570671E9	254.27832858842845
2.1884264425E9	263.92808121698977
2.192301346E9	0.0
2.197070285E9	0.0
2.204820092E9	255.24935995903738
2.212569899E9	266.64849954096854
2.220319706E9	255.92587130569828
2.228069513E9	258.2711980426266
2.23581932E9	253.45504366001268
2.243569127E9	261.2202479827615
2.251318934E9	259.7411529778103
2.259068741E9	264.8348345348243
2.266818548E9	262.7752718921964
2.274568355E9	254.2077705299686
2.282318162E9	264.67860861004755
2.290067969E9	259.95698184705253
2.2961969505E9	264.19057069864664
2.300071854E9	0.0
2.305567583E9	0.0
2.31331739E9	274.223434481191
2.321067197E9	260.26852363721645
2.328817004E9	260.5702529321554
2.336566811E9	262.6212508436787
2.344316618E9	261.216237053527
2.352066425E9	262.3830430334503
2.359816232E9	264.3569617415283
2.367566039E9	264.4423791977046
2.375315846E9	264.27688977791456
2.383065653E9	259.95827495133113
2.39081546E9	263.688400019819
2.3975662905E9	261.7823700230577
2.401441194E9	267.92407348264993
2.406315074E9	263.12718796653013
2.414064881E9	266.24808635873575
2.421814688E9	262.80338222630326
2.429564495E9	268.37309354834713
2.437314302E9	270.05670494746676
2.445064109E9	286.9786524229912
2.452813916E9	258.1945279655753
2.460563723E9	259.43859278531073
2.46831353E9	264.85425964208713
2.476063337E9	259.6067114996961
2.483813144E9	263.0054727019013
2.489234305E9	272.2631578947368
2.4931092085E9	271.2716326977128
2.499312758E9	264.132943068806
2.507062565E9	264.64223001727504
2.514812372E9	260.87402505125965
2.522562179E9	265.86167136087175
2.530311986E9	267.4508957206752
2.538061793E9	267.20588332595867
2.5458116E9	259.68259811879653
2.553561407E9	266.3939023642257
2.561311214E9	261.164225485249
2.569061021E9	270.30953596731985
2.573486964E9	274.96074197408814
2.5773618675E9	259.22907322160796
2.584560635E9	261.5679859863958
2.592310442E9	280.7559013974114
2.600060249E9	257.19002436383323
2.607810056E9	257.02967616370825
2.615559863E9	254.9503743930564
2.62330967E9	258.8501427069941
2.631059477E9	257.13381163429096
2.638809284E9	256.33057003247137
2.646559091E9	255.62329379490302
2.6524226415E9	262.62364808144156
2.656297545E9	274.8229509390897
2.662058705E9	270.07881151056694
2.669808512E9	271.3063339128615
2.677558319E9	261.06633407878894
2.685308126E9	256.7397130421625
2.693057933E9	267.93551078227506
2.70080774E9	268.92846049350175
2.708557547E9	266.25094631960843
2.7127306775E9	272.20334934578943
2.716605581E9	265.6867317995588
2.724057161E9	256.57801408773213
2.731806968E9	258.45907710874286
2.739556775E9	260.4897107818925
2.747306582E9	266.15467509017844
2.755056389E9	260.3781868786939
2.762806196E9	264.27601516144387
2.770556003E9	258.96417481901676
2.775951989E9	265.22636458876576
2.7798268925E9	0.0
2.786055617E9	270.4751429796969
2.793805424E9	257.1701115600229
2.801555231E9	253.69308925257297
2.809305038E9	262.05899462473116
2.817054845E9	262.5712755884946
2.8225564015E9	267.8682589963914
2.826431305E9	0.0
2.832554459E9	265.03367671781666
2.840304266E9	267.4696935050857
2.848054073E9	265.6035643950008
2.85580388E9	263.7897984689892
2.863553687E9	270.1886952028313
2.8712150565E9	261.55426726885986
2.87508996E9	317.8235294117647
2.879053301E9	259.25580888349396
2.886803108E9	258.6794820752492
2.894552915E9	258.1481723187872
2.902302722E9	256.04813288105817
2.910052529E9	254.51797452099729
2.917802336E9	259.39110106962704
2.925552143E9	259.8023758410724
2.93330195E9	259.21164443617164
2.941051757E9	256.8486618402934
2.948801564E9	257.91295443747237
2.956551371E9	255.82277286847807
2.964301178E9	258.4603087018119
2.972050985E9	253.9287059067579
2.979800792E9	256.1296334129065
2.987550599E9	255.63575275401323
2.995300406E9	257.3480761591283
3.003050213E9	256.30448301614837
3.01080002E9	256.725909224073
3.018549827E9	254.66849357329716
3.026299634E9	259.38811868859807
3.0306084775E9	263.48701686527687
3.034483381E9	247.30542340627974
3.041799248E9	222.18674050146132
3.049549055E9	250.2945945945946
3.057298862E9	254.6006600660066
3.065048669E9	0.0
3.072798476E9	0.0
3.080548283E9	0.0
3.0863465095E9	261.7464788732394
3.088278117E9	417.24653537563825
3.088373929E9	275.36690647482015
3.0884774725E9	277.8691525423729
3.0885573295E9	273.6718591263122
3.0886546005E9	322.1799664607959
3.0887081185E9	257.05908683974934
3.0887493115E9	290.0241460541814
3.088858438E9	270.6407766990291
3.088966832E9	289.1378114159571
3.089008063E9	285.70919665576156
3.089109657E9	395.77960632462083
3.089267292E9	403.3097605893186
3.08942189E9	288.6972719272514
3.089604443E9	268.6506258092361
3.089755642E9	264.26195065535853
3.0898220175E9	291.4863387978142
3.0898610755E9	267.8066298342541
3.089968525E9	272.06471981057615
3.0900764725E9	257.98573975044565
3.0901461555E9	285.9413202933985
3.090297168E9	273.2995519522082
3.090503609E9	247.1121244635193
3.0907062205E9	267.4270855672314
3.09089898E9	272.7241285956007
3.091013772E9	261.01861861861863
3.091052607E9	259.4925595238095
3.0911587895E9	274.27198177676536
3.091267064E9	285.47297297297297
3.0915130575E9	279.8522630230572
3.0919550875E9	284.9179810725552
3.092891467E9	271.4629392807816
3.093702736E9	259.8463241606796
3.093935951E9	264.525564359396
3.094132646E9	272.7310858486868
3.0942642985E9	301.48079877112133
3.094360447E9	265.93055555555554
3.0944711045E9	295.7355279973494
3.0946435155E9	285.4213886671987
3.094747446E9	259.00891613262746
3.0948598115E9	263.6831558295964
3.0950026905E9	273.3260146373919
3.095104297E9	268.0392872477458
3.095190977E9	280.0195439739414
3.0952465895E9	0.0
3.0952663465E9	270.13513513513516
3.095268566E9	374.97840172786175
3.0952706195E9	301.0987394957983
3.0952723265E9	297.24528301886795
3.0952838005E9	285.90705128205127
3.0952967465E9	297.9432432432432
3.095299555E9	253.12359550561797
3.0953008775E9	321.3333333333333
3.0953027375E9	302.7708333333333
3.0953043745E9	186.45454545454547
3.095311073E9	400.4556213017751
3.0953361175E9	240.04575163398692
3.095355552E9	181.0
3.0953574645E9	230.88664987405542
3.095360032E9	274.9166666666667
3.095361791E9	320.8
3.095363378E9	299.6111111111111
3.095365611E9	299.2987804878049
3.0953678415E9	211.33333333333334
3.095369933E9	262.7386363636364
3.095371677E9	276.0817610062893
3.09537289E9	278.55263157894734
3.0953743225E9	165.0
3.095375945E9	237.53389830508473
3.095572656E9	256.0895794617661
3.095769303E9	304.43055555555554
3.0957708065E9	300.32217573221754
3.0957736535E9	318.4874301675978
3.095822105E9	249.21802221426012
3.095924849E9	286.0580453472214
3.095983129E9	250.02208201892745
3.095986364E9	230.66903914590748
3.0959887305E9	240.82716049382717
3.0959909825E9	238.56485355648536
3.095993051E9	258.1737704918033
3.0959946765E9	239.34131736526948
3.096006671E9	262.03921568627453
3.0960870785E9	243.7225647348952
3.0961589785E9	249.32407407407408
3.096165879E9	256.79089026915113
3.096173123E9	245.1539408866995
3.09617898E9	248.74454428754814
3.096183283E9	252.1359223300971
3.096185859E9	315.2830188679245
3.0961883E9	313.5652173913044
3.0961908755E9	312.5
3.096192456E9	221.9
3.096238607E9	264.68093607305934
3.0962848625E9	380.86842105263156
3.096286263E9	282.0
3.0962877625E9	239.22222222222223
3.096289947E9	244.34524929444967
3.096292208E9	245.44525547445255
3.0962965075E9	270.8541666666667
3.096315547E9	299.5103092783505
3.0963533005E9	257.2284836065574
3.09637788E9	241.70382882882882
3.096382479E9	246.32251082251082
3.0963879875E9	273.63235294117646
3.0963943185E9	250.09324758842445
3.096398918E9	245.75276752767527
3.0964033365E9	236.30371352785147
3.0964070605E9	246.55555555555554
3.0964084065E9	278.8666666666667
3.0964096105E9	0.0
3.096411644E9	334.90909090909093
3.0964135175E9	0.0
3.0964147555E9	0.0
3.0964161835E9	0.0
3.0964174105E9	191.2608695652174
3.096418484E9	307.3538461538462
3.096419946E9	227.90196078431373
3.096422275E9	239.63636363636363
3.0964254675E9	262.6195652173913
3.0964313925E9	265.7701149425287
3.0964360765E9	261.12
3.096437123E9	0.0
3.0964382945E9	226.91304347826087
3.096440137E9	340.8076923076923
3.096442099E9	244.66666666666666
3.096443439E9	320.65671641791045
3.0964449505E9	352.375
3.0964464985E9	281.3333333333333
3.0964475915E9	288.0
3.0964489705E9	292.0
3.0964506065E9	268.2857142857143
3.0964522235E9	437.3076923076923
3.0964537525E9	324.22727272727275
3.0964552355E9	261.93150684931504
3.09645655E9	257.92857142857144
3.0964580005E9	204.33333333333334
3.0964594605E9	350.0
3.096462063E9	294.4125
3.0964647385E9	0.0
3.0964666345E9	271.6
3.0964687875E9	0.0
3.096470338E9	0.0
3.0964722525E9	0.0
3.096474844E9	294.6
3.0964802425E9	268.37587657784013
3.0964880595E9	257.8804347826087
3.0965833285E9	272.23739514747
3.0967643755E9	263.5264752791069
3.0969348755E9	297.8300304078851
3.097105623E9	279.1348841172461
3.0972741855E9	282.0843785632839
3.0973604055E9	359.4038128249567
3.097450029E9	284.67287784679087
3.0976374775E9	276.12894293281965
3.0978270425E9	279.122156448203
3.097932224E9	296.9498207885305
3.0979864125E9	255.4850636630754
3.098119023E9	293.47432605905004
3.098265051E9	306.9603524229075
3.098391091E9	271.74339688647893
3.0985448955E9	262.74103237095363
3.0986946915E9	266.3819084390513
3.098783935E9	0.0
3.0988292795E9	291.1425339366516
3.098880847E9	286.27596839468106
3.098919304E9	283.1042873696408
3.0989774605E9	288.12807463952504
3.099052881E9	253.60774287801314
3.0991573655E9	286.4050037025283
3.099319594E9	280.21031892624063
3.0995012675E9	257.222877554411
3.099670145E9	275.13505154639176
3.09983663E9	0.0
