# Position (bp)	A	C	G	T	N
0.0	38.540066278217594	11.345811473003653	12.126191505748299	37.987859826237965	7.091679249144238E-5
1.0	39.06855911404905	11.202132681043189	12.07003568389109	37.64865521514178	0.010617305874890293
2.0	39.023983284959975	11.216613067846259	11.806938152273045	37.95246549492072	0.0
3.0	39.159219552681954	11.248163503454542	11.62504925548091	37.967567688382594	0.0
4.0	39.08911710422796	11.275115310533295	11.398728418743884	38.23703916649486	0.0
5.0	38.2744517143559	11.399332410556264	11.42877589798183	38.8974392919196	6.851864008835013E-7
6.0	38.26841967587573	11.590395268069827	11.429841020242003	38.71126318381714	8.085199530425315E-5
7.0	38.605421755286265	11.46210850341881	11.55256783984305	38.37985667914941	4.5222302458311084E-5
8.0	38.34577722053547	11.53710455314791	11.604650228547007	38.5124642292444	3.768525204859257E-6
9.0	38.95723790727711	11.339247044689987	11.824429590714798	37.879063531353275	2.1925964828272043E-5
10.0	38.49880024203799	11.511640628338677	11.686633124005919	38.302902024093385	2.3981524030922543E-5
11.0	38.12997296727241	11.629490633731438	11.483309541034947	38.75719533938677	3.1518574440641056E-5
12.0	37.83633325183498	11.766837960754538	11.254972885906522	39.14185042001275	5.481491207068011E-6
13.0	37.81705005095491	11.591325751202227	11.200275825896794	39.39134631638686	2.055559202650504E-6
14.0	37.78487438275583	11.658262981077337	11.3201015662765	39.2362663653089	4.94704581437888E-4
15.0	38.096933964208205	11.577281828136519	11.477977420463272	38.847736898179114	6.988901289011714E-5
16.0	38.3063272709114	11.777194210610691	11.431466282384898	38.48473370782104	2.7852827195914325E-4
17.0	38.48482243945996	11.660494633185014	11.730812572762085	38.12386007679692	1.0277796013252519E-5
18.0	38.20933947845955	11.753372335011173	11.654110408894782	38.382984212476245	1.935651582495891E-4
19.0	38.11694620341881	11.781137115754575	11.409314891230736	38.69253601170139	6.577789448481612E-5
20.0	38.300090976363116	11.738036558231643	11.204787919787742	38.756871451718936	2.1309389856222704E-4
21.0	37.90142351268202	11.828118005790932	11.096186515471368	39.17411265880937	1.5930724630696167E-4
22.0	38.12557912950244	11.738565930390255	11.112883978715974	39.022792810523	1.781508683304576E-4
23.0	38.392932839015096	11.646517847476042	11.282558875861097	38.67793425131343	5.6186334330985647E-5
24.0	38.35337243030524	11.645657493627603	11.34341550308729	38.65749564552673	5.892745313454257E-5
25.0	38.9398921896806	11.335162886052345	11.635411307135183	38.089531218907666	2.3982242122701962E-6
26.0	38.92378642116852	11.396429147323987	11.442258803158168	38.23751740581673	8.222532593896508E-6
27.0	38.649765713990504	11.425548903356782	11.544868238536889	38.379816458900216	6.852156108520213E-7
28.0	38.6866057296262	11.50007133832493	11.493430179500546	38.31989275254833	0.0
29.0	38.62996304870479	11.601278820959468	11.526226010072728	38.242532120263014	0.0
30.0	38.451675399586705	11.673143936114942	11.59273696132646	38.282384430301555	5.927267033857091E-5
31.0	38.41617618160322	11.723255672244186	11.331738790414041	38.52882832787799	1.027860554338559E-6
32.0	38.351929471597415	11.59613918573572	11.268659202487154	38.78325843522122	1.370495849544115E-5
33.0	38.718029284711015	11.28780772476879	11.34814861544189	38.64596606453964	4.831053866236903E-5
34.0	38.999001185877624	11.198144956109973	11.403049662749133	38.399785350489566	1.8844773707640153E-5
35.0	38.974176020371154	11.134901715768105	11.589878827253777	38.30103212959297	1.1307013999131798E-5
36.0	38.9846240792868	11.209266724285339	11.54975997245707	38.20645678613358	0.04989243783721108
37.0	38.66695459123524	11.406338948663073	11.563405565373534	38.36329849619433	2.3985338215044096E-6
38.0	38.4815911436697	11.522049386754887	11.547522991425614	38.448836135495526	3.426542825149814E-7
39.0	38.64338102439575	11.512060680154072	11.643656202437889	38.20075988833582	1.4220467647240212E-4
40.0	38.333077124327296	11.708613365504975	11.498013914456912	38.46025139121901	4.4204491802083384E-5
41.0	38.356291864864666	11.556055458808311	11.217976526573768	38.869674436357975	1.7133952794034197E-6
42.0	38.59767291048514	11.34853287514015	11.339137756850604	38.71462561565637	3.084186774362174E-5
43.0	38.65487308816477	11.26995850493661	11.578409267705	38.49675674032404	2.3988695786322872E-6
44.0	38.60211204939062	11.390400895329398	11.510783573471313	38.496662357323224	4.112448544872454E-5
45.0	38.764623616356076	11.292733145292289	11.559836669371974	38.38280519812835	1.3708513129907635E-6
46.0	38.61927321810925	11.401356763177683	11.434286524069329	38.54507801109124	5.483552493847531E-6
47.0	38.6507118240685	11.37282821045332	11.515612768054952	38.46083554453463	1.1652888593939808E-5
48.0	38.43976845129614	11.527887229914278	11.399499453938347	38.63284280839295	2.0564582939050296E-6
49.0	38.470455144085065	11.417767271311954	11.559391503030755	38.55237168583529	1.439573693695098E-5
50.0	38.22438421189707	11.508811987177161	11.498963537379444	38.767840263546326	0.0
51.0	38.29353334378614	11.507992793605538	11.488384275187162	38.7060831479541	0.004006439467064985
52.0	38.409211858672265	11.421814968811683	11.36129220248773	38.72851155476404	0.07916941526428271
53.0	38.378327617042835	11.431306330727423	11.26997909228718	38.920138767882875	2.4819205968193555E-4
54.0	38.58437107742169	11.376436821447133	11.306093439772336	38.73309694726364	1.7140952009297364E-6
55.0	38.68527695221619	11.389318855610249	11.417434580620055	38.507932242768895	3.736878461247249E-5
56.0	38.49477889046763	11.466092307179197	11.43063402641119	38.608494775941985	0.0
57.0	38.60363014631618	11.325993570484236	11.626470355784091	38.44390489882573	1.0285897656820055E-6
58.0	38.75962552187649	11.29563996062005	11.660848623351864	38.283885894151595	0.0
59.0	38.74487103960506	11.290103768283814	11.580559045465755	38.384465803739964	3.429054015998505E-7
60.0	38.56298850018921	11.33964436611809	11.46221653635994	38.63514202395778	8.573374972500899E-6
61.0	38.43100891406055	11.391364388050961	11.313464163101363	38.86416253478713	0.0
62.0	38.371708019288285	11.502501666604145	11.433108345703737	38.69268128242794	6.859758886952261E-7
63.0	38.48309975759961	11.467622466544217	11.391092431461312	38.658183286352106	2.058042760448364E-6
64.0	38.65076463952179	11.39682676152364	11.432470573565089	38.51958676695881	3.512584306654208E-4
65.0	38.83159031845344	11.312180480961928	11.468535039561065	38.38769416102356	0.0
66.0	39.1823200466103	11.221555938790603	11.642299099695725	37.95382457183752	3.430658484363213E-7
67.0	39.18273862208428	11.274019613724404	11.725498584510254	37.81773940571419	3.7739668725373606E-6
68.0	38.87417724600839	11.443576569884046	11.62340799750812	38.05882892254478	9.264054678344697E-6
69.0	38.59356257065497	11.590692892022284	11.592848189551106	38.222896004626044	3.4314560242336563E-7
70.0	38.3856420898588	11.58194333535188	11.528414723815853	38.50399916459482	6.863786469030616E-7
71.0	38.31995230616045	11.609931035940937	11.55005218787663	38.52006241058392	2.0594380596716E-6
72.0	38.11804921133095	11.771576757059844	11.50960994790317	38.600762367259556	1.7164464869760948E-6
73.0	38.13345056972614	11.73793436392359	11.44457089297003	38.68404108341745	3.0899627938609976E-6
74.0	38.35092431842477	11.670537537900923	11.51211535438234	38.46642244592974	3.4336223223248267E-7
75.0	38.68074302223114	11.518137521693866	11.595087859175605	38.206031596899386	0.0
76.0	38.67647449264971	11.488116215710093	11.613998536325083	38.221409038201024	1.7171140877009083E-6
77.0	38.59539615456259	11.504491275685368	11.516810735147232	38.38330183460481	0.0
78.0	38.493214645538735	11.551194573487503	11.490154074370276	38.46543258463599	4.121967492989589E-6
79.0	38.463711426894236	11.600882918852076	11.432356990016961	38.50304866423672	0.0
80.0	38.2728058632831	11.737526548091704	11.36750764236109	38.62215238692688	7.559337232359304E-6
81.0	38.28986329569285	11.740133253639465	11.35691108471672	38.61309236595097	0.0
82.0	38.26977322414213	11.69530152745255	11.344980385416916	38.68994451925795	3.4373045430479483E-7
83.0	38.14971183264449	11.670101662047474	11.363112457994115	38.81707232836085	1.7189530706696947E-6
84.0	38.2052525241022	11.580446607320573	11.369392336075872	38.84490853250136	0.0
85.0	38.26972347181506	11.492082543624035	11.285686136118157	38.95250784844275	0.0
86.0	38.49967295252926	11.4959499047956	11.244583733078084	38.75979340959706	0.0
87.0	38.772346561346296	11.463611131844404	11.256236373181641	38.50780558961762	3.440100439649308E-7
88.0	38.79000640708977	11.523178112509058	11.320149135213542	38.36665911965101	7.2255366236594356E-6
89.0	38.87476676271361	11.52666601921072	11.396837794871502	38.201654054926884	7.536827727872201E-5
90.0	38.8173032119268	11.522152634269071	11.37996989162859	38.2805250362413	4.9225934232499525E-5
91.0	38.65063677083801	11.507179056771829	11.374660254209733	38.46750738991611	1.6528264318515437E-5
92.0	38.26545527836953	11.552819324023776	11.307508516379192	38.8742117146503	5.166577199919616E-6
93.0	38.24971707918398	11.56440211439329	11.273716533454078	38.90955999751596	0.0026042754526883786
94.0	38.39334582333006	11.520014309648277	11.259173579767719	38.825427604847356	0.00203868240659056
95.0	38.64027375045141	11.482309567068887	11.378399594991597	38.49798199646151	0.0010350910265873557
96.0	38.93312223321328	11.410799048856557	11.44806071157995	38.20798008169557	3.79246546404254E-5
97.0	39.194752500980194	11.2703899425046	11.451520876894557	38.08333667962065	0.0
98.0	39.099558379619886	11.288538623495297	11.478314644656749	38.13357972827183	8.623956231366174E-6
99.0	38.78640945985677	11.429600888957026	11.50703727854449	38.27695202756899	3.4507272348985184E-7
100.0	38.36572506766653	11.59837244062874	11.410155699164296	38.62574679254043	0.0
101.0	38.03075152905214	11.752606608116764	11.304701738348722	38.9119383974804	1.7270019732413688E-6
102.0	38.04275023884557	11.726789831480765	11.262486060069122	38.967969031000834	4.838603707538617E-6
103.0	38.18419541777442	11.638255891738277	11.225222477897058	38.95232621259025	0.0
104.0	38.41028614636788	11.52944973585482	11.188992311763085	38.87126973006486	2.0759493544752443E-6
105.0	38.71671220736203	11.425161006550137	11.269869051388726	38.58824388952654	1.384517256422329E-5
106.0	38.80673692598642	11.396510793051752	11.367419335080614	38.426988759411195	0.0023441864700128982
107.0	38.668289554951464	11.469440013858293	11.46588108073333	38.39419905124053	0.0021902992163845164
108.0	38.37877395633894	11.604921460475891	11.437710330405357	38.57798569435795	6.085584218580212E-4
109.0	38.19240474453885	11.656696682259108	11.372656979924813	38.77814762753918	9.396573805309204E-5
110.0	38.101126778545314	11.69719070030571	11.324957050090207	38.87671853200026	6.939058506251982E-6
111.0	38.197749275792305	11.720458210027823	11.304289569910484	38.777460582179835	4.236208955770742E-5
112.0	38.16023031383707	11.75397789586588	11.209247961097173	38.876476395394185	6.74338056902258E-5
113.0	38.004330010386525	11.788746704444195	11.163097302690765	39.04189741400268	0.0019285684758285266
114.0	38.097271274457825	11.710957506919438	11.216871704353142	38.97468342341998	2.1609084961206115E-4
115.0	38.32468782014474	11.575812912188969	11.271186155587523	38.826903274775674	0.001409837303100168
116.0	38.427918665265906	11.438748299523166	11.29569530920808	38.83757204590941	6.568009343622144E-5
117.0	38.47609206985921	11.37906937167967	11.309982189014342	38.83485601967545	3.4977132894895906E-7
118.0	38.50970656670267	11.361567783951289	11.286711561089458	38.84201093592895	3.1523276377474533E-6
119.0	38.46288490104654	11.42915167275023	11.311955701636554	38.7960070228322	7.017344640928105E-7
120.0	38.28468804349628	11.542430987306815	11.362535492607655	38.81034196027198	3.516317268094349E-6
121.0	38.10592733997014	11.646758370912414	11.378591227402959	38.868719889373565	3.172340931846527E-6
122.0	38.022481772529616	11.70240886342556	11.402723472336158	38.872091153258616	2.9473845005361163E-4
123.0	38.149178046494065	11.627259233175117	11.413793131556188	38.8097685255623	1.063212332327428E-6
124.0	38.54278377547565	11.43359442532295	11.428238223557635	38.59538357564377	0.0
125.0	38.83691258627194	11.329790580976114	11.49894001440394	38.33435610421395	7.141340475168941E-7
126.0	39.082182512614935	11.287478457214421	11.511730920814928	38.115870737394204	0.0027373719615090093
127.0	39.161728295050814	11.368404000465533	11.470829031008895	37.99727290252356	0.0017657709511992965
128.0	39.25553889876856	11.724304510791608	11.203722957719002	37.81627513628207	1.5849643874946137E-4
129.0	36.14555399180953	10.37102496736756	13.31229575469649	40.17111710385336	8.182273060412115E-6
