#Position (bp)	Coverage	Std
3874904.0	14.082355857378126	8.12003712414491
1.1624711E7	14.243060762674476	7.005330720558372
1.9374518E7	15.642908784696187	9.335354869825167
2.7124325E7	14.527348100410759	7.574639992790944
3.4874132E7	14.100139913161708	6.5757427682583485
4.2623939E7	13.802032231254275	7.906468334892644
5.0373746E7	12.676147289861541	7.50828475964729
5.8123553E7	12.556795801495443	7.038342976604542
6.587336E7	11.226519834622978	6.160954374856589
7.3623167E7	9.257096596082974	5.695410982109756
8.1372974E7	9.269853946040204	5.709685940169505
8.9122781E7	10.974701176429297	7.977622007990571
9.6872588E7	10.398761414316512	6.294959928832545
1.04622395E8	8.577980458093988	6.159683839279363
1.12372202E8	12.515967300863105	7.12109557564523
1.20122009E8	12.700363763897604	22.02915359754092
1.27871816E8	6.573191435606073	151.83206858536957
1.35621623E8	0.0	0.0
1.4337143E8	9.180541141218097	88.26539243590165
1.51121237E8	11.733116579548367	7.880833505570836
1.58871044E8	12.998080855432915	8.17699277161572
1.66620851E8	11.478773600426436	6.6699433107979065
1.74370658E8	11.13997096959963	5.88094323134895
1.82120465E8	11.695131504565211	7.047262338589119
1.89870272E8	8.281402878807176	5.512517402265682
1.97620079E8	9.546389477828287	6.667485185190823
2.05369886E8	13.824653181685687	8.176427312037251
2.13119693E8	11.1637958209798	6.099075089609328
2.208695E8	10.962424225532326	7.369312465903017
2.28619307E8	12.978009903988577	8.143675952544486
2.36369114E8	11.339183801609511	6.821442962403182
2.44118921E8	11.250156552285754	6.205227883696094
2.484751235E8	10.25333524482702	6.41325342624836
2.52350027E8	11.671185460768926	7.305135661309491
2.59618535E8	12.432701485340216	7.181569987080626
2.67368342E8	11.574013004452885	7.014690251223329
2.75118149E8	12.905789266752063	7.860388717648748
2.82867956E8	10.874209125465963	7.32192958752309
2.90617763E8	11.584307583401754	6.999213420090265
2.9836757E8	10.597532686943042	6.935898058833439
3.06117377E8	10.593320582048044	6.627274715594153
3.13867184E8	11.57382125774229	6.8002865221617
3.21616991E8	12.450425668665039	7.144398827413378
3.29366798E8	8.812732884831842	6.332484386024995
3.37116605E8	11.414493031890988	18.348965079762852
3.44866412E8	10.235808711107257	8.61095066989431
3.52616219E8	11.909681363677832	7.657165002287122
3.60366026E8	12.015908267134911	6.823630974161035
3.68115833E8	11.533268118806056	7.181818761958075
3.7586564E8	11.33577894262399	6.960020525404875
3.83615447E8	11.275173046244893	6.554864103657429
3.91365254E8	9.067115735914456	5.247898028411699
3.99115061E8	10.139383471098055	5.682179039334056
4.06864868E8	9.885553924117078	6.968927572688151
4.14614675E8	9.596045940240835	6.325053473864782
4.22364482E8	11.386260973982965	6.460435292278029
4.30114289E8	9.440179994159855	5.98416172335118
4.37864096E8	9.228214586505187	5.74277062532498
4.45613903E8	9.51113763220168	6.301519620780264
4.5336371E8	11.367648510472584	6.310263622624688
4.61113517E8	9.104972162532563	5.349265196751999
4.68863324E8	12.27030311851637	6.608265656524141
4.76613131E8	10.991978767987383	7.314622793311734
4.84362938E8	13.918987659950757	8.158801170990065
4.896938965E8	14.773247576499514	8.498429142121802
4.935688E8	9.959217784826127	6.839788107509207
4.99862552E8	12.32828275594476	6.720534482946457
5.07612359E8	12.571470747594102	7.474262512915705
5.15362166E8	10.051269147734905	5.43072473158969
5.23111973E8	10.623458235798646	6.693620721155264
5.3086178E8	12.709716512940258	7.492315805613912
5.38611587E8	13.745037392544099	7.849124311044023
5.46361394E8	12.89109793314853	7.8062451254591645
5.54111201E8	11.15280225688201	5.78666768786638
5.61861008E8	11.241132069482504	6.123173615238536
5.69610815E8	8.789682891457813	6.627330828954526
5.77360622E8	7.9599041627746345	6.213539237228511
5.85110429E8	6.747800300059085	24.659250482229698
5.92860236E8	9.453592973347595	6.101152215276171
6.00610043E8	10.10804875527868	5.669627067686879
6.0835985E8	10.157673216894304	5.634959578920256
6.16109657E8	13.562311164652229	7.676497413847198
6.23859464E8	12.278188476177537	6.6916564920171675
6.31609271E8	11.736450727095527	7.214981034545582
6.39359078E8	9.601949054989369	6.45869944919129
6.47108885E8	10.408060355567564	6.156739132190354
6.54858692E8	8.61492937824129	6.278726042175173
6.62608499E8	10.344496191969684	6.1247277529697035
6.70358306E8	9.933882353457319	6.814435638013603
6.78108113E8	12.096918155510195	6.133473157662023
6.857142635E8	12.140342089387275	7.2040733535518005
6.89589167E8	13.175439329233274	10.192859435764483
6.93607727E8	14.77289202169809	8.145263722909082
7.01357534E8	11.858919970523138	8.157541409169923
7.09107341E8	9.926989536642655	6.817406271203104
7.16857148E8	9.722626769931173	6.701306200536219
7.24606955E8	9.02032308675558	5.502726655971454
7.32356762E8	9.908993991721342	6.921983608805345
7.40106569E8	8.702313747942368	17.65525906361966
7.47856376E8	9.334205484084958	6.014596866306916
7.55606183E8	8.195511836617351	5.470751971919667
7.6335599E8	10.531611303352458	6.459843429725377
7.71105797E8	10.437205984613552	6.2610244001804105
7.78855604E8	9.483051126305469	6.184868421176311
7.86605411E8	9.360686401609744	5.819142331733876
7.94355218E8	9.750955733478266	6.5434090801804965
8.02105025E8	9.286700559123602	5.821586270217393
8.09854832E8	9.646470550815007	6.4153183127487905
8.17604639E8	8.706958379737715	6.347874462988919
8.25354446E8	8.452219132682917	5.9668380820973175
8.33104253E8	10.347443491173394	6.090966121519169
8.4085406E8	10.542542027175644	6.506708836480237
8.48603867E8	8.811540855146458	6.39089309522703
8.56353674E8	9.41147618256816	6.023259753751455
8.64103481E8	8.924399665694901	6.5431889134844825
8.71853288E8	10.308374518229938	6.256074392389269
8.776941285E8	10.067656033738619	12.073820433379101
8.81569032E8	13.69338435221362	8.2599337495119
8.87352902E8	11.4529906357668	6.681642770375593
8.95102709E8	10.029179565374983	5.997193370465633
9.02852516E8	7.997047668412904	7.041954821172761
9.10602323E8	9.82685517200622	8.011625777794276
9.1835213E8	10.646148091171819	6.623367769394986
9.26101937E8	7.287590903876703	46.56591924777277
9.33851744E8	10.71707011542352	6.888548536244123
9.41601551E8	10.35190657006039	6.134796226022704
9.49351358E8	9.286576685070996	7.144314517851525
9.57101165E8	11.632564656126275	6.896978166568138
9.64850972E8	9.037932170439857	5.352800532339914
9.72600779E8	9.652679608666384	6.363386064420426
9.80350586E8	8.798765182152279	6.3407895273439925
9.88100393E8	9.128369906502188	5.544333448395685
9.958502E8	10.090930780598795	5.591214369842457
1.003600007E9	9.98426980181571	6.952864297847004
1.011349814E9	11.598851171390463	7.276489678580571
1.019099621E9	12.869752627388012	7.757928305036382
1.026849428E9	11.739507190308094	7.323122974119612
1.034599235E9	11.52402104981453	6.702350948648565
1.042349042E9	9.759172067123735	6.565678726877872
1.050098849E9	13.058837981384569	6.409470973030194
1.0575860385E9	13.312315525404134	7.472125005206945
1.061460942E9	12.57501308937904	11.096576692762579
1.065598463E9	13.079115260547779	6.286698193413853
1.07334827E9	11.926260099122468	7.505066812566089
1.081098077E9	11.22683016493185	6.065229106560627
1.088847884E9	11.785479948081287	7.31560642861725
1.096597691E9	13.408552883962143	7.411294710510632
1.104347498E9	13.620366029760483	7.595622218272486
1.112097305E9	10.190601262715317	5.881371542613288
1.119847112E9	7.30576490485505	12.99751898186945
1.127596919E9	8.124420904933503	5.242940424263153
1.135346726E9	9.498262989000887	6.130809663496132
1.143096533E9	9.58077381798024	6.212242618779131
1.15084634E9	9.899834795885885	6.831445046659012
1.158596147E9	8.763131004423723	6.337335007513596
1.166345954E9	10.054055797776641	5.8667177034927835
1.174095761E9	10.481895226552094	6.437896913440949
1.181845568E9	9.338752436028408	5.800192554657947
1.189595375E9	9.932846198621462	6.824306494211006
1.197345182E9	11.095274372639215	5.810336891935602
1.205094989E9	10.00194082252629	5.5110092354333915
1.212844796E9	11.398400373067355	6.5772195237669715
1.220594603E9	11.921518432652581	7.640195048244999
1.228236905E9	11.94986301555304	8.044386103724737
1.2321118085E9	16.485461141342263	10.416459911440507
1.236094217E9	13.646235706256943	7.721843979899208
1.243844024E9	8.658850084911792	6.056400573082513
1.251593831E9	10.1162924444441	5.60473259371097
1.259343638E9	12.31122787961042	6.674820280509915
1.267093445E9	11.464918158607047	6.680080995568907
1.274843252E9	11.951705636024226	7.807031878283317
1.282593059E9	10.651355317622748	7.107512896798697
1.290342866E9	6.763498368410981	8.654263569658308
1.298092673E9	11.060343954372025	6.466978839037728
1.30584248E9	12.078441566351266	6.812641224641221
1.313592287E9	8.660125084405328	6.079363835800235
1.321342094E9	9.55412657373274	6.2574822013239375
1.329091901E9	11.247883592455915	6.284063842979398
1.336841708E9	11.597126483278874	7.212623237462312
1.344591515E9	9.108374440808655	5.354127436146583
1.352341322E9	9.125617063753975	5.472556248046739
1.360091129E9	11.135145172002348	6.287792817662613
1.367840936E9	11.544389298985124	6.7715693692633865
1.375590743E9	10.820604822803974	7.477238755964767
1.38334055E9	12.762124656781776	7.760533350431041
1.389282865E9	13.436215286603561	7.29358912100824
1.3931577685E9	11.334431908965572	7.129057543553976
1.398840164E9	11.132237873794793	6.9636368603509355
1.406589971E9	10.071992244452023	6.871837467331232
1.414339778E9	12.828501148480214	7.701077127608567
1.422089585E9	11.405486743089215	6.606444229351134
1.429839392E9	11.120940818268119	6.031764624499904
1.437589199E9	8.81559011727647	7.911786651116017
1.445339006E9	10.33806532214286	6.258787342885744
1.453088813E9	10.30253450182695	6.0575689680348725
1.46083862E9	10.494174500087551	6.872348016172567
1.468588427E9	9.45690221704876	6.097796718361741
1.476338234E9	8.976770647320636	11.919326656545627
1.484088041E9	10.201233914599422	5.825762409748253
1.491837848E9	11.499889352083219	6.756750041049996
1.499587655E9	9.502906846583405	6.201369725892146
1.507337462E9	9.347298971445353	5.861418728978964
1.515087269E9	11.819300919364832	7.259053852108398
1.522837076E9	12.511028339157349	6.984909709347708
1.530586883E9	13.01761192246465	6.649213603019747
1.5354753495E9	14.705464287863705	8.79510760665873
1.539350253E9	11.095030283882677	5.897576796356588
1.546086497E9	9.29124660781875	5.774824854545086
1.553836304E9	10.565764799045963	6.421611171142246
1.561586111E9	9.180218294468494	5.524395049707438
1.569335918E9	10.811126651283057	7.409440688164667
1.577085725E9	9.027164031310715	9.69401681101355
1.584835532E9	0.38838618819797704	3.6155957345880143
1.592585339E9	0.0	0.0
1.600335146E9	6.149726051242308	11.518021522030752
1.608084953E9	10.020889165368892	6.09151822351738
1.61583476E9	10.745842573886033	6.835808841949936
1.623584567E9	12.450916390563016	6.99383019651019
1.631334374E9	13.150315356240485	6.630748632843847
1.639084181E9	10.4017350367564	6.449351351906711
1.646833988E9	12.48823912647115	7.0515664500486785
1.654583795E9	11.964821704592127	7.612648895245402
1.662333602E9	14.078376016331761	6.6841763735659345
1.670083409E9	15.851295135478857	8.547373149494618
1.674420971E9	12.618810634625754	9.577230299907203
1.6782958745E9	12.303218262463568	6.819941358561851
1.685583023E9	11.981928324150523	7.61608198237946
1.69333283E9	10.855000001935531	6.963758906445844
1.701082637E9	11.513253297791803	6.707657468941994
1.708832444E9	11.273867852451035	6.283088783244185
1.716582251E9	10.577834131869349	29.588423188663917
1.724332058E9	11.880930454139051	8.627683181143878
1.732081865E9	8.894848607197574	6.499395661571138
1.739831672E9	9.781988248223472	6.598749557934839
1.747581479E9	13.704765421900184	7.844278406434455
1.755331286E9	12.154348747007505	6.952552070122679
1.763081093E9	11.262823061271074	6.411694488892784
1.7708309E9	12.33554977562667	6.6990343191676
1.778580707E9	12.16812792886326	6.39541638242614
1.786330514E9	11.598975690620424	6.9755526552578075
1.794080321E9	12.278361254673825	6.6921222672495615
1.801830128E9	13.796426027125579	7.944010896515453
1.8071930415E9	14.361105100100133	8.83851887276034
1.811067945E9	13.931469292618209	9.255830291497514
1.817329742E9	12.430236778799781	7.08827731953435
1.825079549E9	12.19705768156549	6.434957702198119
1.832829356E9	9.11959136530755	5.441045710224546
1.840579163E9	11.054853495061232	5.965946452841095
1.84832897E9	9.50606524781843	6.229231631196901
1.856078777E9	11.90326301029174	8.13617511061966
1.863828584E9	7.880980003760094	11.385860343190474
1.871578391E9	13.98218884676741	8.282658294398354
1.879328198E9	14.89525029462024	8.683360025623182
1.887078005E9	12.026847378263742	6.372870092269716
1.894827812E9	10.125065953255351	5.734901350165914
1.902577619E9	10.05018460459725	5.781510509085999
1.910327426E9	9.139627864281007	5.473549349492419
1.918077233E9	10.760642942462955	6.905489245762273
1.92582704E9	13.890405528808653	8.100108697557058
1.933576847E9	12.483783273570555	7.008530480211373
1.940609712E9	12.704935288159783	7.357079452682491
1.9444846155E9	12.449920635142034	7.446789286041989
1.949076461E9	13.758951932609419	7.931848333949885
1.956826268E9	10.96897329185101	7.369686930551021
1.964576075E9	9.292484832202918	5.749668313870657
1.972325882E9	11.086443959185049	5.841432840258177
1.980075689E9	7.900601137550909	22.986825480837208
1.987825496E9	10.269798460787475	6.002922210642971
1.995575303E9	13.200820872055266	6.753113610933746
2.00332511E9	10.685569072881428	6.977074617188286
2.011074917E9	10.924739158020323	7.083784369864357
2.018824724E9	9.180924505603818	5.581258871026731
2.026574531E9	8.45737990636412	5.726350306230934
2.034324338E9	9.848920108591091	6.758455641566999
2.042074145E9	10.65235766516508	6.598146331657759
2.049823952E9	12.774832586153435	8.499519353947894
2.057573759E9	13.51075078385823	7.111308859589985
2.065323566E9	13.695344542128597	7.494832536340398
2.073073373E9	12.762942612635385	7.619053777896661
2.0769956295E9	10.538635355732477	7.3111162743534965
2.080870533E9	0.0	0.0
2.088572987E9	0.0	0.0
2.096322794E9	11.575356779852711	15.742652936268373
2.104072601E9	12.228838860116129	6.481905185014881
2.111822408E9	10.178722902389698	5.818374595357154
2.119572215E9	11.656594931977017	6.979041291534831
2.127322022E9	11.282923561838379	6.30371997923721
2.135071829E9	8.198797079720824	5.435534887085708
2.142821636E9	7.684109552663698	5.845616367485133
2.150571443E9	9.442129720133675	6.009405378774393
2.15832125E9	8.723762540151	6.2672197639258735
2.166071057E9	8.031059870265157	5.142788844491838
2.173820864E9	11.172053445976138	6.045315812319285
2.181570671E9	9.578904481105143	6.227517259353139
2.1884264425E9	12.728395219110675	8.07067477475358
2.192301346E9	0.0	0.0
2.197070285E9	0.0	0.0
2.204820092E9	0.19251692332467119	2.100938097400443
2.212569899E9	10.0028609744733	7.730457931401936
2.220319706E9	9.311523241804602	5.795111606044614
2.228069513E9	10.207359744571704	5.831089372127042
2.23581932E9	8.126651541128702	5.183440114801388
2.243569127E9	11.158980991397593	5.984517488715711
2.251318934E9	10.946544991378495	7.179200417310354
2.259068741E9	12.614680081710421	7.258497652759281
2.266818548E9	13.024113503729835	6.122828087671016
2.274568355E9	9.23007463282634	5.52684508244222
2.282318162E9	12.857606002317219	7.788145611044348
2.290067969E9	13.542049756852009	7.415990634063381
2.2961969505E9	14.520773904008646	9.21073092559275
2.300071854E9	0.0	0.0
2.305567583E9	0.0	0.0
2.31331739E9	0.2901385802252882	2.792812927271183
2.321067197E9	8.987007031271876	23.100677274721807
2.328817004E9	11.655425096392722	7.605889211981735
2.336566811E9	11.3440905044474	6.674006850624499
2.344316618E9	11.206313008827188	6.32385124879902
2.352066425E9	11.06393785032324	5.847530213320581
2.359816232E9	12.61698659076284	7.170334106962612
2.367566039E9	13.610727209077593	7.731628040115485
2.375315846E9	14.046515997108058	6.966876105715285
2.383065653E9	11.860273552618795	7.866292470646378
2.39081546E9	12.587260173059793	7.2736430224110435
2.3975662905E9	12.055872593428136	6.40082643504372
2.401441194E9	15.350513250311694	7.667120135510784
2.406315074E9	12.938376658928409	7.754882172288617
2.414064881E9	13.052130330471456	6.71418330718943
2.421814688E9	12.679178462121701	8.336472564754741
2.429564495E9	11.743847169355314	8.117607694961455
2.437314302E9	7.615455068752035	106.74688781159524
2.445064109E9	8.465974055870037	168.14572382925525
2.452813916E9	12.637766334051932	7.353236623570091
2.460563723E9	10.630079174874936	7.079759005708914
2.46831353E9	12.864685791530034	7.885100230405888
2.476063337E9	11.918558100866253	7.741576890951304
2.483813144E9	14.136975411129594	6.69576013953888
2.489234305E9	15.013302764901706	7.499947491313129
2.4931092085E9	13.669288504993888	8.134804563345446
2.499312758E9	13.298324590534964	6.797187605696876
2.507062565E9	13.086609382659464	7.1548395803010365
2.514812372E9	8.154849275601315	55.47226861531976
2.522562179E9	13.45087961545365	7.218986015434083
2.530311986E9	12.947986833736634	8.510255687142608
2.538061793E9	13.818094824813057	8.47329944330304
2.5458116E9	11.4528283091437	6.846974816288394
2.553561407E9	12.189766145144002	6.421963428348012
2.561311214E9	12.459067819366341	7.13628254015374
2.569061021E9	15.601297425858476	7.942358645729018
2.573486964E9	14.861898284968682	8.617934427570434
2.5773618675E9	10.91046219099217	13.042782219623827
2.584560635E9	12.357871750870698	6.750632115774284
2.592310442E9	5.048773085574905	25.445863523276223
2.600060249E9	10.666538663478974	6.847472322527545
2.607810056E9	10.314096209105594	6.2550947117297815
2.615559863E9	9.872022748437477	6.760283630019583
2.62330967E9	12.294759469493885	6.820154310045304
2.631059477E9	11.045911207853305	5.819192744811423
2.638809284E9	9.288221887332162	5.968743627445146
2.646559091E9	9.841017976318636	6.944391279132003
2.6524226415E9	12.205008480640355	6.890391224666505
2.656297545E9	13.791167850183683	8.323518275771066
2.662058705E9	13.84056428760097	7.827297704100194
2.669808512E9	14.068422736204914	6.32281096881544
2.677558319E9	7.270962231704609	7.326353882270482
2.685308126E9	12.561779667545268	7.5981737306862325
2.693057933E9	13.251079413977664	7.071829558222399
2.70080774E9	13.308767431240545	7.300744178303951
2.708557547E9	12.768187775514926	7.5377189560748015
2.7127306775E9	12.650851532557414	7.185359282354009
2.716605581E9	13.007478171425344	6.420030238790526
2.724057161E9	10.562078771768123	6.473141093235441
2.731806968E9	11.890953026314074	7.434220697202323
2.739556775E9	10.740691219794249	41.65789149624527
2.747306582E9	13.705652282695556	8.72020429694726
2.755056389E9	13.219109714603215	6.671976004113975
2.762806196E9	13.978497916141654	8.105936162501878
2.770556003E9	13.019152089852044	6.3703968410087555
2.775951989E9	15.480839467944703	8.355604860797568
2.7798268925E9	0.0	0.0
2.786055617E9	5.3785601370459935	14.711341785475655
2.793805424E9	8.856895533011338	7.299221741785908
2.801555231E9	8.572796587063394	6.015008752882886
2.809305038E9	11.444341259079097	6.7956971873294565
2.817054845E9	13.058318484576455	6.737911556350029
2.8225564015E9	14.407831602683547	7.891025886990488
2.826431305E9	0.0	0.0
2.832554459E9	1.9978030420628539	13.394543385211621
2.840304266E9	7.445021534084655	9.610640677726972
2.848054073E9	14.55472233050449	8.131543221744902
2.85580388E9	13.719439593786014	7.704303311651198
2.863553687E9	14.909268192098203	8.278622804042037
2.8712150565E9	15.193442645464135	7.225917400922816
2.87508996E9	0.4186120141342756	1.7070860424078644
2.879053301E9	7.0055272344201605	5.580695618839862
2.886803108E9	5.773729203836947	4.609302577073227
2.894552915E9	5.685658494463152	4.40816875689339
2.902302722E9	4.917526075165485	4.377867826667999
2.910052529E9	4.556897481446957	3.9423404644274225
2.917802336E9	6.069071139449021	3.76941005448772
2.925552143E9	5.843360099161179	4.912663359016453
2.93330195E9	3.0186969817441907	3.784694686887165
2.941051757E9	5.575833953026185	9.032170724413234
2.948801564E9	5.521699701682894	4.218113994539915
2.956551371E9	4.573616478449076	3.8795904154584253
2.964301178E9	3.8075029481379343	3.829464618627993
2.972050985E9	4.649977347822984	4.0120850453710455
2.979800792E9	5.4142952205132335	4.029796907998444
2.987550599E9	5.078375113083461	4.520577811703108
2.995300406E9	5.216096220202645	3.791831899634366
3.003050213E9	4.998414670197593	4.532603212524227
3.01080002E9	5.658087098169025	4.444820298127439
3.018549827E9	4.653586986101718	4.008992728457273
3.026299634E9	6.118448111030378	4.002888948072325
3.0306084775E9	7.23909180992764	6.1227612841535315
3.034483381E9	2.155773520992013	3.034688971249764
3.041799248E9	5.210294527334681	5.67181894609936
3.049549055E9	4.3779927680779664	3.7601663106352596
3.057298862E9	1.610624109735894	4.8838438777547175
3.065048669E9	0.0	0.0
3.072798476E9	0.0	0.0
3.080548283E9	0.0	0.0
3.0863465095E9	2.8337757100601406	67.44097319366496
3.088278117E9	43.517049912487174	13.426815599765257
3.088373929E9	16.779012310416725	30.270268684999017
3.0884774725E9	13.260895354645355	7.997053184789984
3.0885573295E9	9.495120690465376	6.176426417592003
3.0886546005E9	154.66571941370026	517.91613942348
3.0887081185E9	10.509906411788132	7.455120935042778
3.0887493115E9	15.39215825633736	29.929075128111876
3.088858438E9	5.208182091875281	11.30664197230848
3.088966832E9	30.312602773346423	20.955545512257235
3.089008063E9	8.549392334060455	9.196634475312564
3.089109657E9	4.220770293117649	5.486217382621113
3.089267292E9	2.7057718190625426	4.317552436959807
3.08942189E9	7.898279889573158	10.429080931133324
3.089604443E9	12.451277722939883	21.48350346173816
3.089755642E9	19.320545048495507	48.121198138882754
3.0898220175E9	1.6042384304328292	3.0839719731454633
3.0898610755E9	6.470121406422452	11.323774123890525
3.089968525E9	7.355938816477707	11.844063970561075
3.0900764725E9	16.907708066581307	13.915398300413642
3.0901461555E9	1.638352805135771	4.049218209577778
3.090297168E9	13.09487429911407	12.736867297215083
3.090503609E9	21.396835769724348	38.88620080579592
3.0907062205E9	8.67304303014687	8.600254665668453
3.09089898E9	14.470634933070105	13.584449075463075
3.091013772E9	20.094844549390004	13.294698058176703
3.091052607E9	25.292023764378712	20.63532248209568
3.0911587895E9	7.71880678201493	8.4828627660886
3.091267064E9	4.455611696655159	5.19010114660378
3.0915130575E9	1.9275178026449644	5.752113833161003
3.0919550875E9	1.5697364918818206	5.996874750148929
3.092891467E9	3.059810835055155	6.0858546072643955
3.093702736E9	26.055433722540425	26.731831801280588
3.093935951E9	10.201471305623507	23.392927260678768
3.094132646E9	4.418885660722695	6.885688831356561
3.0942642985E9	13.625495840906376	14.22358323785451
3.094360447E9	22.41655633921479	14.041052975778149
3.0944711045E9	34.32708096922769	107.27066262687973
3.0946435155E9	3.9130566495001515	6.9284686384100995
3.094747446E9	21.430800495199833	13.409483709155348
3.0948598115E9	15.344085312225154	12.97985741635141
3.0950026905E9	7.803039349756351	6.599788945261639
3.095104297E9	11.813333333333333	8.142943080519391
3.095190977E9	5.8283165506521595	5.196790979091581
3.0952465895E9	3.544280343716434	3.984236527732151
3.0952663465E9	11.536499560246263	15.946397679243768
3.095268566E9	1407.388452655889	1681.5444936321683
3.0952706195E9	1349.8779608650875	1545.7191218010937
3.0952723265E9	24.483016304347824	25.592609433363684
3.0952838005E9	25.419351834606072	56.586083685196726
3.0952967465E9	47.6893115942029	32.435244155174736
3.095299555E9	2266.510407993339	3046.026060601766
3.0953008775E9	3.224376731301939	3.5337705961251618
3.0953027375E9	7.529437609841827	8.465218821816139
3.0953043745E9	15.196392785571142	15.675152976659696
3.095311073E9	5.132510686345673	12.381178137086271
3.0953361175E9	11.942080127354735	77.46495214841224
3.095355552E9	176.7726887192536	67.0761280564602
3.0953574645E9	1401.5604686318973	1222.3788962145939
3.095360032E9	6.222981116914424	12.2487280109692
3.095361791E9	4.020408163265306	2.7912469043162766
3.095363378E9	442.386013986014	844.4089970579153
3.095365611E9	60.722102542007754	86.06914347193334
3.0953678415E9	0.4827102803738318	0.9635894732183391
3.095369933E9	11.209495839451787	5.719114629800733
3.095371677E9	2265.522491349481	2411.4140509791173
3.09537289E9	6.050968399592253	4.933812688505709
3.0953743225E9	0.6873673036093418	1.5
3.095375945E9	53.21822189566495	32.328084845867636
3.095572656E9	18.38471309311561	15.921158069889243
3.095769303E9	22.15652879156529	17.212120627992675
3.0957708065E9	407.0913190529876	485.67850875550107
3.0957736535E9	29.54030612244898	42.134309060431974
3.095822105E9	14.751115795360443	11.061510848495304
3.095924849E9	123.96949468912493	640.5932678199422
3.095983129E9	19.029099876695437	6.87564367573032
3.095986364E9	28.63975155279503	14.316591888875978
3.0959887305E9	41.69758412424504	20.984371110154743
3.0959909825E9	32.92863677950595	14.498950966879699
3.095993051E9	34.516658124038955	12.3508010269446
3.0959946765E9	31.86846153846154	21.22851855405836
3.096006671E9	87.27321609590551	131.6610418948619
3.0960870785E9	12.496633508535686	10.356718758625249
3.0961589785E9	14.058688755727882	20.55476191968428
3.096165879E9	39.46105574012551	54.68408774444789
3.096173123E9	34.439081905360794	15.970053330037784
3.09617898E9	36.794694563796	17.598777830635726
3.096183283E9	39.22440823854903	25.34400881198864
3.096185859E9	18.984728804634017	11.69767938531313
3.0961883E9	1.1112973516594034	1.9317902604732402
3.0961908755E9	5.240774907749078	6.144102863722254
3.096192456E9	1.4843907351460222	1.934735748601971
3.096238607E9	16.03117983988435	24.976846543240544
3.0962848625E9	1174.1821963394343	1117.5279394751112
3.096286263E9	0.16072545340838024	0.4009057911883791
3.0962877625E9	20.22357142857143	11.612554782278899
3.096289947E9	60.49646345570899	28.82389240412113
3.096292208E9	22.694140373470702	13.221063605435933
3.0962965075E9	4.001135395969344	6.121336745661798
3.096315547E9	1.0311603776624882	3.42232468574099
3.0963533005E9	11.597922381616225	10.929318059901348
3.09637788E9	46.184631803628605	20.784768867185573
3.096382479E9	29.57722136051407	10.517614191781822
3.0963879875E9	5.5070725707257075	7.4223429361453395
3.0963943185E9	33.093212081844754	20.13517166631138
3.096398918E9	26.4827359421243	11.21459682057613
3.0964033365E9	35.20686680469289	13.752426224239128
3.0964070605E9	279.4055690072639	221.89682641680542
3.0964084065E9	188.28846153846155	127.79220663609762
3.0964096105E9	8.316520467836257	8.218551614687033
3.096411644E9	1.3834753612449056	2.6566518749891355
3.0964135175E9	0.4933206106870229	0.9515956868045579
3.0964147555E9	2.09733893557423	1.9519795310494048
3.0964161835E9	15.740896358543417	12.337884314409107
3.0964174105E9	4.287524366471735	6.887568256738228
3.096418484E9	26.720785013380908	21.84798669780689
3.096419946E9	9.412645590682196	6.837062548554405
3.096422275E9	5.122591943957969	3.358498121515653
3.0964254675E9	6.346742209631728	4.799758020340646
3.0964313925E9	3.594471153846154	5.906401351337117
3.0964360765E9	5.4179389312977095	5.630478672043424
3.096437123E9	0.4937799043062201	0.9071750146344604
3.0964382945E9	13.287365177195685	11.903632054389393
3.096440137E9	1.2991202346041055	1.9163486436463035
3.096442099E9	2.0058555627846455	1.7969467345161776
3.096443439E9	180.8477690288714	200.37945193907748
3.0964449505E9	36.92712765957447	64.05592221030594
3.0964464985E9	1.9136513157894737	2.5451514793095478
3.0964475915E9	12.823711340206186	10.17162011039063
3.0964489705E9	68.04082774049218	159.07413183275438
3.0964506065E9	20.109164420485175	28.3319750216136
3.0964522235E9	13.083428571428572	11.092082118082507
3.0964537525E9	30.662079510703364	23.006979395770998
3.0964552355E9	16.12726176115802	20.635062154221018
3.09645655E9	5.33264675592173	8.563388166479687
3.0964580005E9	3.8699481865284975	4.672430440104655
3.0964594605E9	1.0484848484848486	1.337115846843043
3.096462063E9	0.6483985765124555	1.3524723637331455
3.0964647385E9	6.338028169014085	4.279002121398116
3.0964666345E9	0.0	0.0
3.0964687875E9	5.331515151515151	3.95466736140904
3.096470338E9	0.0	0.0
3.0964722525E9	5.40201850294365	4.020238957871186
3.096474844E9	0.27700534759358286	0.7713682082222286
3.0964802425E9	20.69607107107107	11.060852926762362
3.0964880595E9	11.750719706883014	8.393318088636471
3.0965833285E9	13.821477779721809	16.808558819637437
3.0967643755E9	27.992198573644796	23.885359806011834
3.0969348755E9	16.46752203310219	90.90255032426447
3.097105623E9	29.32380226274813	72.39478466820647
3.0972741855E9	0.7792697799684943	3.611536134623274
3.0973604055E9	35.9728144989339	28.785912029033987
3.097450029E9	3.65283519748659	3.835253282022055
3.0976374775E9	19.04899410418783	35.47568349818155
3.0978270425E9	36.78350705161689	111.50630934223186
3.097932224E9	4.700078775870712	6.150435983469473
3.0979864125E9	18.30737298077791	13.937545750309802
3.098119023E9	2.1500389966538354	5.146259438931925
3.098265051E9	1.0556895018270271	2.3128761683687706
3.098391091E9	8.581371764750346	7.965626523750977
3.0985448955E9	8.736963385959019	10.005312663352122
3.0986946915E9	25.387735335871888	38.92600233144331
3.098783935E9	0.0	0.0
3.0988292795E9	12.199701321809863	7.1813990983414495
3.098880847E9	23.732601826279517	44.305486274900375
3.098919304E9	5.891757209378318	6.289981721292159
3.0989774605E9	5.642140972483981	4.779618642331875
3.099052881E9	20.087030357468667	20.511431568736185
3.0991573655E9	38.283898981977664	111.05856515397123
3.099319594E9	13.964426284814634	15.070951956516147
3.0995012675E9	19.344757881862655	22.599934598324023
3.099670145E9	20.36750296313304	12.746493234909169
3.09983663E9	0.004207818510909483	0.07360955491582306
