# Position (bp)	A	C	G	T	N
0.0	38.58417594552132	11.305791488715	12.050892260440092	38.0590785431247	6.176219889855219E-5
1.0	39.11118476765787	11.158413647386148	11.972873769527553	37.74726325881409	0.010264556614347694
2.0	39.07893246718239	11.163671856410556	11.699379924367296	38.05801575203975	0.0
3.0	39.220039440056844	11.190260884089621	11.512354761877967	38.077344913975566	0.0
4.0	39.1398616785023	11.213172253561547	11.300076078997446	38.346889988938706	0.0
5.0	38.348295680543515	11.339739041234264	11.331835083988208	38.98012818896782	2.0052661980049417E-6
6.0	38.368419730000205	11.513818606202511	11.332447492285079	38.785243987195265	7.018431693017296E-5
7.0	38.65968665052662	11.401681714090637	11.4484373028698	38.49014660717742	4.7725335512517604E-5
8.0	38.42170286130712	11.460239497604778	11.49552656794431	38.62252626050492	4.812638875211859E-6
9.0	39.01692602686093	11.266816733837336	11.711452027932525	38.00477312711005	3.208425916807907E-5
10.0	38.57145814624033	11.440061305960732	11.57775331049998	38.4107043772643	2.286003465725633E-5
11.0	38.1930583988782	11.560711756242856	11.361219452747294	38.8849682815415	4.211059015810377E-5
12.0	37.903659584341845	11.678853217458036	11.129667354331268	39.287815031229975	4.812638875211859E-6
13.0	37.86573157841954	11.521334744965873	11.079226487333411	39.53370357980202	3.6094791564088947E-6
14.0	37.828549531522896	11.594432312628507	11.204619793227057	39.37194236508812	4.5599753342632365E-4
15.0	38.14551072995083	11.510916584960759	11.358211152397047	38.985288541001765	7.299168960737987E-5
16.0	38.35190074811429	11.698367264937302	11.32260684894499	38.62677421641877	3.5092158465086475E-4
17.0	38.551771244814795	11.58527466295546	11.625274108860303	38.23766755071902	1.2432650427630635E-5
18.0	38.31552521928248	11.651657396227453	11.55074758850497	38.48184841459684	2.2138138825974552E-4
19.0	38.22482622704023	11.675618723080655	11.304632043799314	38.794859238614706	6.376746509655713E-5
20.0	38.415699824433105	11.641392514945673	11.10713394098117	38.83553990476211	2.3381487794869386E-4
21.0	38.022370051377955	11.735075539867234	11.003972454141243	39.23838503599452	1.969186190532793E-4
22.0	38.24320780543526	11.649536257263355	11.024422429489787	39.08262535872179	2.0814908980553977E-4
23.0	38.4830687800046	11.572943255773094	11.181778234786508	38.76214836725998	6.136217581259604E-5
24.0	38.468819495270694	11.558589081544367	11.260952150857385	38.711579514090126	5.975823742236492E-5
25.0	39.05042333047524	11.250440990133805	11.543411565289215	38.155719301331416	4.812770320274304E-6
26.0	39.06037326942792	11.301276859527002	11.350748819320241	38.287596238926255	4.812798579005177E-6
27.0	38.79710811998485	11.322599983032369	11.455611749305442	38.42467894446998	1.2032073609852016E-6
28.0	38.83769422199473	11.3948352362106	11.405025679954331	38.36244486184033	0.0
29.0	38.76576286143573	11.501229820412782	11.445582171861233	38.28742514629025	0.0
30.0	38.60749048327221	11.568239944711914	11.511092451083371	38.31312257404209	5.454689041212863E-5
31.0	38.57801566297682	11.60693685009816	11.270502729544711	38.544542751957636	2.0054226789673093E-6
32.0	38.50616543480543	11.48268348340607	11.200781552778473	38.81035669415579	1.283485422746126E-5
33.0	38.849329407879516	11.187257386993913	11.267462957311622	38.69589208918029	5.815863465505783E-5
34.0	39.10929909375561	11.103680076185784	11.326111354090445	38.460895838588485	1.363737967584486E-5
35.0	39.11254850186001	11.039995116146253	11.508545450494296	38.33889889835124	1.2033148194657753E-5
36.0	39.1148495015463	11.122169123475558	11.465651490538114	38.25521039863829	0.04211948580172979
37.0	38.77983166351829	11.306874452323209	11.477366142236683	38.43592653856716	1.2033546639981074E-6
38.0	38.59102390135008	11.436464899958798	11.464260161951476	38.508250635613095	4.0112654947364094E-7
39.0	38.73958624244997	11.425412204089023	11.557938054594436	38.27691467724957	1.4882161699853504E-4
40.0	38.439936631996055	11.610663525541833	11.422725068949953	38.52662783924204	4.693427012317963E-5
41.0	38.48081680297394	11.453635925821724	11.138300415734925	38.92724444851184	2.406957561154102E-6
42.0	38.68948157635291	11.257124094693207	11.26425371552455	38.78910771736203	3.2896067306444894E-5
43.0	38.75355793256618	11.186150779919327	11.497919042200603	38.56236863466077	3.610653116479272E-6
44.0	38.70719585272273	11.30220276964581	11.433245478724636	38.55730976134584	4.613756098357497E-5
45.0	38.87502298477805	11.208593642761148	11.464514208844651	38.451867558779036	1.6048371138675143E-6
46.0	38.71921010036862	11.321673856859002	11.333881047334334	38.62522977954729	5.215890753633583E-6
47.0	38.723523570971395	11.2977642087589	11.412047472982598	38.566657525038046	7.222249062685483E-6
48.0	38.530808947229644	11.430445605565541	11.302472055551153	38.73627138539614	2.0062575252462733E-6
49.0	38.564121588781006	11.323725326640401	11.469650014048028	38.64247939565869	2.3674871877010534E-5
50.0	38.312344522746365	11.416111922659299	11.422235987668948	38.84930756692538	0.0
51.0	38.37524565176368	11.416014131893697	11.40400781873522	38.80097616085483	0.0037562367525686307
52.0	38.487784031836725	11.334108153569382	11.266919457795249	38.832845623969426	0.07834273282921618
53.0	38.43852613632532	11.347616899472955	11.185135983381146	39.02845689645485	2.640843657239363E-4
54.0	38.63065780562303	11.305711411847605	11.21953944673238	38.84408973034253	1.6054544544471704E-6
55.0	38.7257887414345	11.317274381381312	11.32495567382096	38.631953507842596	2.7695520632057057E-5
56.0	38.55101363686163	11.38714984181692	11.3411608106725	38.72067571064895	0.0
57.0	38.67237778912482	11.245360290056135	11.544060785900548	38.538201134918495	0.0
58.0	38.844830159665484	11.207046930856052	11.573396992162092	38.37472591731637	0.0
59.0	38.849190128027885	11.1929621627479	11.498129403142425	38.45971750310836	8.029734266583845E-7
60.0	38.674957848096	11.247055999978029	11.368929263139577	38.70904524444764	1.1644338754179907E-5
61.0	38.52562544776208	11.302414476588945	11.220414412305404	38.951545663343566	0.0
62.0	38.471227602055315	11.412083033725398	11.340379538485426	38.77630942412811	4.016057579727558E-7
63.0	38.59198639675681	11.370801822444264	11.294986197811482	38.742225582987444	0.0
64.0	38.7511360990876	11.310100384807626	11.349589317350855	38.58878739888779	3.867998661343101E-4
65.0	38.92114426806012	11.232043850357233	11.388550125139343	38.45826175644331	0.0
66.0	39.26110939038882	11.141913827776511	11.5632817832109	38.03369459690393	4.017198381504516E-7
67.0	39.25538502541788	11.19636812260766	11.634801818333132	37.91344061438015	4.419261173052302E-6
68.0	38.94258511156528	11.366251812719865	11.534918085350288	38.156236552872365	8.437492199086453E-6
69.0	38.68419935760009	11.509663576131818	11.502639213201272	38.30349785306682	0.0
70.0	38.47532806348383	11.507368336952718	11.442123365791247	38.575178626228585	1.6075436235094253E-6
71.0	38.41205048583497	11.538969225810378	11.462914912185646	38.58606376834038	1.6078286269168045E-6
72.0	38.211132764551806	11.697795287857806	11.426344752801118	38.66472478261749	2.412171780208182E-6
73.0	38.248851382001604	11.653512172801745	11.37504966240661	38.72258517443755	1.608352489716184E-6
74.0	38.45927508317789	11.593995524382656	11.444736163129688	38.50199001221851	3.2170912476458933E-6
75.0	38.783985290442715	11.436359448920069	11.528578524494389	38.25107633396105	4.021817798502384E-7
76.0	38.76522094148192	11.409505903134075	11.542996437727753	38.28227309759577	3.62006047825882E-6
77.0	38.684228970925425	11.424217891528004	11.438897950303431	38.452654784961574	4.0228156240896993E-7
78.0	38.58573235333592	11.473289375519894	11.413297194978606	38.52767463867513	6.437490450888188E-6
79.0	38.556958981107634	11.520417574363668	11.347059112015117	38.57556433251358	0.0
80.0	38.356124276638056	11.655799869035247	11.279052008643571	38.709018210643826	5.635039305526164E-6
81.0	38.36107449103076	11.661136565396765	11.271026843514765	38.70676210005771	0.0
82.0	38.343625388567055	11.618748634822081	11.250933330479048	38.78669264613181	0.0
83.0	38.23421174223863	11.587379773648458	11.261094973146962	38.917311899812276	1.6111536753297287E-6
84.0	38.309048999224906	11.492565352088684	11.261578438655873	38.93680721003053	0.0
85.0	38.34969804604833	11.40918793948221	11.180156080510878	39.06095793395858	0.0
86.0	38.571386901293394	11.420607417597177	11.12881731985306	38.87918836125636	0.0
87.0	38.84706795876151	11.387496678768436	11.140377215468975	38.625058147001084	0.0
88.0	38.868135954350315	11.449669825837065	11.216467420926982	38.46571954044506	7.258440579447602E-6
89.0	38.96633145359251	11.443125783093691	11.297886369548303	38.29257249537177	8.389839372088287E-5
90.0	38.899725453259066	11.438796842045104	11.275060901758065	38.38636596304088	5.083989688506857E-5
91.0	38.73812224390938	11.417999151554037	11.276437703648899	38.567422737028686	1.8163859005651992E-5
92.0	38.36454291349693	11.472439550156162	11.213672916149706	38.94933815957149	6.460625710550215E-6
93.0	38.36361869673292	11.47326021187852	11.182049149995159	38.97860517723347	0.002466764159929106
94.0	38.51231739511834	11.426117478232	11.168645423897578	38.89079157741244	0.0021281253396409454
95.0	38.745846651557244	11.400144364409458	11.282518221458702	38.570389787017696	0.0011009755568997283
96.0	39.035731194385434	11.327532109611134	11.353114815422224	38.28357498063851	4.689994269595191E-5
97.0	39.3094963815942	11.181251221016076	11.35639198951087	38.152860407878855	0.0
98.0	39.228548939622485	11.1932998267812	11.378201172290058	38.19994075540672	9.305899536106169E-6
99.0	38.905146302964305	11.323316833053795	11.41429383061818	38.35724303336372	0.0
100.0	38.47197938780618	11.492669744024221	11.314563963165666	38.72078690500393	0.0
101.0	38.127665969872524	11.644049934034188	11.209709850680035	39.01857100339191	3.242021342923535E-6
102.0	38.133304314828806	11.617420315375972	11.16867212995008	39.080597156471256	6.08337388003414E-6
103.0	38.28376015902144	11.53334718840994	11.122981556964415	39.05991109560421	0.0
104.0	38.49954509107506	11.429292418140454	11.089485169182838	38.98167610330226	1.2182993731435505E-6
105.0	38.79969732545415	11.326638100998634	11.172876379508997	38.70077437951649	1.3814521729352861E-5
106.0	38.88551902182243	11.306672211990893	11.26490016072825	38.540705690341134	0.0022029151172901482
107.0	38.75008752508231	11.38259897442059	11.359970880763557	38.50516982164041	0.0021727980931439336
108.0	38.474399200287344	11.508275108453553	11.334970985785558	38.681780451865066	5.742536084798479E-4
109.0	38.28063752074545	11.561633955059493	11.266189809964448	38.89145033996034	8.837427026371721E-5
110.0	38.18314762951341	11.603198411986181	11.217041502742005	38.99660430413847	8.151619935155005E-6
111.0	38.2847922060676	11.621255764143095	11.19635841627356	38.89754750999969	4.610351605323613E-5
112.0	38.254161152130216	11.650379061891291	11.101639209832655	38.99376705745011	5.351869573091904E-5
113.0	38.103399264373635	11.676883162910986	11.06327751677149	39.15464113831775	0.00179891762612964
114.0	38.18551100476936	11.60027186626545	11.121919268072695	39.09210109636702	1.9676452548111263E-4
115.0	38.40074978414366	11.470337083396817	11.175355900856811	38.952185503001445	0.001371728601266821
116.0	38.502121842902056	11.3387026255472	11.185891631777112	38.973222223911684	6.167586194833604E-5
117.0	38.54925875313799	11.280213475782078	11.197254342344655	38.973273428735276	0.0
118.0	38.58947517171088	11.254256161355794	11.177912162061507	38.978354442156025	2.0627157928175417E-6
119.0	38.54665722453475	11.323127295514752	11.200545623680469	38.929668202453996	1.6538160405594084E-6
120.0	38.355643992298894	11.435803850881545	11.25574042094413	38.95281007756558	1.6583098559842878E-6
121.0	38.19290799390866	11.533691108917415	11.27471901628785	38.99867689109776	4.9897883150501115E-6
122.0	38.13410923188083	11.581534549676634	11.307500551194199	38.97648689734676	3.687699015813204E-4
123.0	38.271079754635636	11.493268353590945	11.328486252662902	38.90716563911052	0.0
124.0	38.67805747288774	11.302107471743541	11.338941991829909	38.68089306353881	0.0
125.0	38.97393398080746	11.194872790633713	11.403866663458945	38.427326565099875	0.0
126.0	39.21079304390992	11.1620533014675	11.417963870266377	38.20656211957426	0.0026276647819337778
127.0	39.30095262235177	11.25456511280285	11.36360472991411	38.079173000566364	0.0017045343649041004
128.0	39.39104562947415	11.627198217166331	11.089517946639006	37.89205976973855	1.7843698195903763E-4
129.0	36.30028443007051	10.282780360603113	13.176389133553437	40.24053800399533	8.07177760431707E-6
