## htsjdk.samtools.metrics.StringHeader
# CollectInsertSizeMetrics HISTOGRAM_FILE=insert_metrics/BACW_65_insert_histogram.pdf MINIMUM_PCT=0.5 INPUT=BACW_65.deduplicated.sorted.bam OUTPUT=insert_metrics/BACW_65_insert_metrics.txt    DEVIATIONS=10.0 METRIC_ACCUMULATION_LEVEL=[ALL_READS] INCLUDE_DUPLICATES=false ASSUME_SORTED=true STOP_AFTER=0 VERBOSITY=INFO QUIET=false VALIDATION_STRINGENCY=STRICT COMPRESSION_LEVEL=5 MAX_RECORDS_IN_RAM=500000 CREATE_INDEX=false CREATE_MD5_FILE=false USE_JDK_DEFLATER=false USE_JDK_INFLATER=false
## htsjdk.samtools.metrics.StringHeader
# Started on: Fri Apr 11 18:00:05 CEST 2025

## METRICS CLASS	picard.analysis.InsertSizeMetrics
MEDIAN_INSERT_SIZE	MODE_INSERT_SIZE	MEDIAN_ABSOLUTE_DEVIATION	MIN_INSERT_SIZE	MAX_INSERT_SIZE	MEAN_INSERT_SIZE	STANDARD_DEVIATION	READ_PAIRS	PAIR_ORIENTATION	WIDTH_OF_10_PERCENT	WIDTH_OF_20_PERCENT	WIDTH_OF_30_PERCENT	WIDTH_OF_40_PERCENT	WIDTH_OF_50_PERCENT	WIDTH_OF_60_PERCENT	WIDTH_OF_70_PERCENT	WIDTH_OF_80_PERCENT	WIDTH_OF_90_PERCENT	WIDTH_OF_95_PERCENT	WIDTH_OF_99_PERCENT	SAMPLE	LIBRARY	READ_GROUP
216	147	77	20	1000	255.829325	124.003405	144072217	FR	85	111	127	139	155	177	207	251	343	565	931			

## HISTOGRAM	java.lang.Integer
insert_size	All_Reads.fr_count
20	22
21	32
22	32
23	57
24	77
25	81
26	144
27	163
28	170
29	267
30	311
31	315
32	318
33	368
34	394
35	435
36	534
37	642
38	737
39	966
40	1141
41	1115
42	1122
43	1022
44	1078
45	1147
46	1223
47	1361
48	1577
49	2135
50	2490
51	2145
52	2048
53	1934
54	2018
55	2154
56	2268
57	2606
58	3431
59	4936
60	6619
61	6565
62	5080
63	3592
64	3409
65	3476
66	3780
67	4174
68	4976
69	6662
70	9546
71	11912
72	11782
73	9111
74	6929
75	6396
76	6789
77	7918
78	9721
79	12376
80	14612
81	15779
82	15832
83	14969
84	13808
85	13278
86	13568
87	14735
88	16356
89	19235
90	23230
91	26133
92	25573
93	22138
94	19756
95	19922
96	20816
97	23232
98	25731
99	30280
100	39370
101	52874
102	63364
103	61065
104	48465
105	38331
106	36968
107	39792
108	44951
109	52095
110	65957
111	88219
112	121063
113	153632
114	163375
115	145493
116	130385
117	136322
118	164370
119	206915
120	253376
121	262648
122	278818
123	289598
124	313836
125	336689
126	347627
127	374117
128	479904
129	648802
130	579719
131	584415
132	630595
133	644786
134	642180
135	650893
136	718402
137	800687
138	889963
139	1005047
140	1099156
141	1170028
142	1252659
143	1390962
144	1600202
145	1807281
146	1917617
147	1948591
148	1948135
149	1911179
150	1841577
151	1765340
152	1708785
153	1700067
154	1716854
155	1736516
156	1732488
157	1687468
158	1602762
159	1501214
160	1394405
161	1293687
162	1206981
163	1139481
164	1090222
165	1060308
166	1038213
167	1009991
168	976739
169	928852
170	871084
171	807003
172	747479
173	694240
174	648348
175	613851
176	588634
177	568645
178	552477
179	532037
180	508909
181	482119
182	451574
183	419770
184	392201
185	367998
186	348519
187	333247
188	319486
189	307709
190	295275
191	279723
192	263667
193	246085
194	229377
195	214258
196	200832
197	190126
198	181309
199	174099
200	166341
201	158186
202	150622
203	140656
204	131586
205	123756
206	116512
207	110440
208	105871
209	102305
210	98341
211	94170
212	90396
213	86705
214	82013
215	78286
216	75168
217	73023
218	71904
219	71175
220	71163
221	70593
222	69580
223	68348
224	67253
225	66654
226	65993
227	65915
228	65758
229	66226
230	67076
231	67986
232	69377
233	70458
234	70755
235	71436
236	71831
237	72007
238	72686
239	73359
240	74274
241	75687
242	77975
243	80128
244	81667
245	82604
246	82930
247	84224
248	84295
249	86838
250	89650
251	93833
252	96456
253	99645
254	102017
255	102893
256	104691
257	105572
258	109066
259	114179
260	120647
261	129032
262	137301
263	142435
264	145853
265	149549
266	153593
267	161405
268	169895
269	179258
270	188999
271	199337
272	209504
273	220189
274	231158
275	241628
276	254823
277	270886
278	288148
279	304444
280	315917
281	327609
282	339058
283	355205
284	374427
285	397629
286	420599
287	443456
288	464977
289	484314
290	498313
291	512696
292	526597
293	542323
294	556886
295	573060
296	587314
297	600680
298	612211
299	623945
300	634056
301	643747
302	653368
303	661307
304	666936
305	669402
306	670538
307	670126
308	671505
309	677210
310	685596
311	692922
312	697220
313	698162
314	696381
315	694398
316	687171
317	676981
318	672012
319	668217
320	667959
321	668909
322	669229
323	668496
324	665431
325	661076
326	656594
327	647588
328	642064
329	636690
330	631493
331	626734
332	620876
333	614386
334	605730
335	598056
336	591341
337	584303
338	578613
339	571703
340	562137
341	552645
342	541960
343	530303
344	519150
345	509501
346	497200
347	488629
348	477876
349	468782
350	457706
351	446630
352	433659
353	419147
354	405016
355	389656
356	376951
357	365247
358	354441
359	343229
360	334042
361	323230
362	310466
363	299141
364	285165
365	272369
366	260721
367	249370
368	238636
369	229144
370	221031
371	212629
372	203165
373	194539
374	185367
375	175776
376	166692
377	157842
378	149770
379	144588
380	137813
381	131180
382	126278
383	120662
384	115289
385	109873
386	104209
387	98946
388	93827
389	90327
390	86148
391	83315
392	80180
393	77504
394	73531
395	70864
396	67411
397	65166
398	62780
399	60296
400	58623
401	56431
402	54802
403	53912
404	52470
405	51013
406	49607
407	48202
408	47359
409	46433
410	46301
411	45851
412	46134
413	45358
414	45554
415	45264
416	44130
417	43872
418	43806
419	43482
420	43716
421	43898
422	44832
423	45390
424	46707
425	47180
426	47721
427	47373
428	47740
429	48247
430	49439
431	50907
432	51855
433	53606
434	54373
435	55099
436	55396
437	55639
438	55546
439	56008
440	56690
441	58430
442	59985
443	61937
444	63857
445	63960
446	63412
447	63638
448	63490
449	64432
450	65651
451	67774
452	69373
453	70652
454	70834
455	71150
456	70829
457	71631
458	73415
459	74996
460	76033
461	76548
462	75750
463	75106
464	74960
465	75005
466	74780
467	75701
468	75342
469	75861
470	75946
471	75454
472	75090
473	74530
474	74422
475	73828
476	74574
477	74510
478	74868
479	75218
480	74979
481	75147
482	74662
483	74585
484	75554
485	75322
486	75758
487	75795
488	75778
489	75480
490	76187
491	76393
492	76662
493	76622
494	76809
495	77008
496	76371
497	77073
498	77371
499	77085
500	77094
501	76649
502	77165
503	76351
504	76554
505	76696
506	75917
507	75479
508	75673
509	75420
510	74833
511	74584
512	74580
513	73929
514	73064
515	72639
516	72318
517	71807
518	70623
519	70494
520	70157
521	69823
522	69374
523	68165
524	68428
525	67610
526	67529
527	65417
528	64692
529	64546
530	63004
531	62719
532	61511
533	61551
534	60567
535	59555
536	58779
537	57947
538	57107
539	55838
540	55447
541	54285
542	53145
543	52038
544	51186
545	50351
546	49446
547	48202
548	47105
549	46273
550	45005
551	43847
552	43082
553	41765
554	41097
555	40162
556	39460
557	38285
558	37064
559	36156
560	34920
561	33995
562	33598
563	32760
564	31326
565	30583
566	30296
567	29199
568	28258
569	27270
570	26675
571	26008
572	25345
573	24803
574	24009
575	23540
576	23055
577	22032
578	21424
579	21223
580	20479
581	20197
582	19877
583	19427
584	18804
585	18484
586	18116
587	17786
588	17698
589	17000
590	16808
591	16733
592	16242
593	15971
594	15743
595	15373
596	15399
597	15330
598	15068
599	15016
600	14609
601	14607
602	14291
603	14418
604	14033
605	14137
606	14326
607	13918
608	13835
609	13966
610	13849
611	13817
612	13788
613	13855
614	13676
615	13765
616	13599
617	13267
618	13437
619	13545
620	13355
621	13352
622	13562
623	13328
624	13468
625	13164
626	13277
627	13321
628	13311
629	13396
630	12843
631	12952
632	13043
633	13048
634	12684
635	12820
636	12787
637	12945
638	12684
639	12761
640	12646
641	12671
642	12564
643	12761
644	12514
645	12525
646	12608
647	12516
648	12771
649	12465
650	12653
651	12678
652	12670
653	12783
654	12684
655	12999
656	12542
657	12687
658	12897
659	12853
660	12761
661	12961
662	12877
663	13015
664	12936
665	12859
666	13049
667	12885
668	12639
669	13034
670	13025
671	13192
672	13019
673	13228
674	13330
675	13269
676	13010
677	13253
678	13101
679	13000
680	13184
681	13129
682	13123
683	13041
684	13328
685	13206
686	12945
687	13135
688	13018
689	13101
690	13005
691	13001
692	12999
693	12799
694	13070
695	12820
696	12674
697	12630
698	12777
699	12849
700	12693
701	12663
702	12650
703	12706
704	12274
705	12332
706	12404
707	12338
708	12260
709	12169
710	12122
711	11964
712	11746
713	11589
714	11612
715	11671
716	11479
717	11182
718	11489
719	10962
720	10874
721	11015
722	10703
723	10826
724	10662
725	10448
726	10450
727	10341
728	9977
729	10192
730	9841
731	9792
732	9683
733	9491
734	9264
735	9392
736	9224
737	8929
738	8996
739	8860
740	8456
741	8556
742	8409
743	8260
744	8028
745	7906
746	7759
747	7715
748	7487
749	7372
750	7490
751	7187
752	7128
753	6945
754	6747
755	6494
756	6545
757	6570
758	6287
759	6128
760	6124
761	5935
762	5852
763	5801
764	5681
765	5468
766	5466
767	5383
768	5171
769	5080
770	4950
771	5001
772	4956
773	4865
774	4687
775	4630
776	4623
777	4438
778	4418
779	4314
780	4436
781	4243
782	4122
783	4116
784	4003
785	3910
786	3868
787	3921
788	3687
789	3674
790	3581
791	3528
792	3589
793	3521
794	3548
795	3474
796	3494
797	3461
798	3255
799	3271
800	3263
801	3227
802	3200
803	3061
804	3192
805	3137
806	3125
807	3107
808	3170
809	3073
810	3014
811	2976
812	2971
813	3089
814	2976
815	2963
816	2992
817	3002
818	2980
819	3027
820	3094
821	2978
822	3051
823	2993
824	2968
825	3004
826	2983
827	2976
828	2985
829	3065
830	3018
831	3032
832	2957
833	3009
834	2933
835	2860
836	2883
837	2903
838	2803
839	2873
840	2876
841	2903
842	2943
843	2897
844	2775
845	2885
846	2864
847	2835
848	2850
849	2689
850	2719
851	2835
852	2767
853	2781
854	2691
855	2703
856	2688
857	2792
858	2744
859	2654
860	2715
861	2677
862	2683
863	2681
864	2717
865	2653
866	2686
867	2734
868	2728
869	2613
870	2719
871	2599
872	2661
873	2647
874	2684
875	2574
876	2692
877	2560
878	2644
879	2545
880	2593
881	2568
882	2646
883	2598
884	2512
885	2516
886	2517
887	2522
888	2433
889	2423
890	2483
891	2341
892	2345
893	2448
894	2384
895	2344
896	2307
897	2368
898	2280
899	2345
900	2281
901	2200
902	2241
903	2232
904	2166
905	2264
906	2151
907	2111
908	2235
909	2163
910	2178
911	2120
912	2062
913	2090
914	2009
915	1989
916	1985
917	1877
918	1975
919	1893
920	1876
921	1838
922	1884
923	1824
924	1810
925	1815
926	1809
927	1725
928	1782
929	1672
930	1693
931	1702
932	1675
933	1661
934	1560
935	1541
936	1561
937	1470
938	1504
939	1459
940	1422
941	1458
942	1471
943	1399
944	1376
945	1344
946	1288
947	1314
948	1322
949	1290
950	1243
951	1311
952	1202
953	1224
954	1237
955	1171
956	1172
957	1183
958	1119
959	1177
960	1279
961	1154
962	1157
963	1164
964	1136
965	1107
966	1121
967	1124
968	1070
969	1074
970	1143
971	1146
972	1137
973	1139
974	1137
975	1159
976	1099
977	1157
978	1121
979	1053
980	1112
981	1120
982	1107
983	1194
984	1141
985	1126
986	1171

