# Position (bp)	A	C	G	T	N
0.0	39.00804277490189	10.808461891294305	11.533239847894547	38.65018637138962	6.911451963773885E-5
1.0	39.58011108561223	10.680054917059604	11.458615860608052	38.27064398679898	0.010574149921135131
2.0	39.599213075456404	10.686853407657948	11.210143217175359	38.50379029971028	0.0
3.0	39.72044142923476	10.701070190030745	11.026449829398612	38.552038179752444	3.715834389125744E-7
4.0	39.613331759801326	10.72676407008123	10.837326492829034	38.82257767728841	0.0
5.0	38.88619833578182	10.844734008683757	10.865671249132724	39.40339566323482	7.431668778251488E-7
6.0	38.88615783318698	11.029250082194258	10.869137379450901	39.21538076006352	7.394510434360232E-5
7.0	39.10124593413401	10.938772115903117	10.959775126620773	39.00015888907848	4.79342636197221E-5
8.0	38.8818924268917	10.991488286798205	10.98850707286781	39.138108497607895	3.7158343891257444E-6
9.0	39.42910217712223	10.820325807331905	11.16775372163109	38.58278856723965	2.9726675113005955E-5
10.0	39.047355931155394	10.954023386569844	11.018943843932577	38.97965528650273	2.1551839456929317E-5
11.0	38.7646455896613	11.0444069706675	10.817131304507575	39.373781206320366	3.4928843257782E-5
12.0	38.48908339878157	11.136903749782253	10.640361259364646	39.73365084890466	7.431668778251488E-7
13.0	38.42713263626262	11.005946226822855	10.594170093656864	39.97274881375703	2.2295006334754464E-6
14.0	38.41568266417597	11.07842766400058	10.729514159112624	39.77587684773581	4.986649750206749E-4
15.0	38.68226108225311	11.03984838503892	10.882660043959808	39.395173636482	5.6852266153623884E-5
16.0	38.871359522732284	11.223841269067432	10.842783567212905	39.06174958724512	2.660537422614033E-4
17.0	39.00764629537257	11.147930116748544	11.072289477173184	38.77212333478598	1.0775919728464659E-5
18.0	38.804543989831096	11.201726109117113	11.00423619983698	38.98929861990938	1.9508130542910158E-4
19.0	38.72397355277168	11.208467375865864	10.770108535063505	39.29738848186465	6.205443429839992E-5
20.0	38.85523155065456	11.15288553161605	10.579794144075366	39.41187213976615	2.1663388787855625E-4
21.0	38.59534320984167	11.205404198253026	10.504483370968803	39.69459123123909	1.7798969740636682E-4
22.0	38.806833679546266	11.138777816047977	10.547059440889088	39.507158876487956	1.7018702870734122E-4
23.0	39.058698095022905	11.052599252677703	10.713395533507855	39.175235773742386	7.134504914910272E-5
24.0	39.091287352980515	11.034335262884278	10.789722175468933	39.084596868983546	5.833968272836786E-5
25.0	39.58507438910223	10.788569390548375	11.036299023602913	38.5900542240102	2.9727362738686803E-6
26.0	39.55969535217323	10.84379279493709	10.873126401793115	38.72337876240993	6.688686640593646E-6
27.0	39.34266031006877	10.879585978333504	10.95889896324504	38.818854005161555	7.431911216931947E-7
28.0	39.357887156956096	10.947865167968152	10.907078620507106	38.78716905456865	0.0
29.0	39.278090624723184	11.04329931652177	10.929981456949154	38.7486286018059	0.0
30.0	39.122274066400124	11.09705433443886	10.97878400362589	38.80182479469588	6.28008392451467E-5
31.0	39.118900935958976	11.108904640829813	10.790801686312099	38.98138902084295	3.716056163417494E-6
32.0	39.11390823374827	10.974673406680322	10.749949800324485	39.16145629616343	1.2263083497719038E-5
33.0	39.424341621251166	10.689243161416963	10.816182738884892	39.07018082442327	5.1654023712623144E-5
34.0	39.671262452990746	10.605119333401163	10.86813282734779	38.85547349458008	1.1891680215966588E-5
35.0	39.65864004489896	10.570047185346557	11.041085691261285	38.73021518669702	1.189179617498518E-5
36.0	39.63564915609189	10.66851317020855	11.017716156407275	38.62862621721083	0.04949530008146413
37.0	39.353864419247046	10.857020606785058	11.031767712041631	38.757345775419	1.486507268962943E-6
38.0	39.130780416431975	10.986397722508913	10.996235190487438	38.88658518404408	1.4865275929920749E-6
39.0	39.21426381341709	10.975632774967304	11.056255462073796	38.753711930183925	1.360193578885116E-4
40.0	38.938119029605645	11.112514851448058	10.925830311583429	39.023498642972	3.716439087050495E-5
41.0	39.00622939932496	10.956495695133162	10.671823797607463	39.36544962133111	1.4866033088972542E-6
42.0	39.249824034158586	10.76209148789156	10.794635668060957	39.193423908843144	2.490104575286556E-5
43.0	39.325803425485596	10.699481459439031	11.014990692316141	38.95972070611548	3.716643749531587E-6
44.0	39.28803832014924	10.81285632922607	10.975982886942532	38.92308195150446	4.0512177696728975E-5
45.0	39.42195957473133	10.74241216742827	11.004831447597331	38.8307949518496	1.8583934587731821E-6
46.0	39.25107845614583	10.863502119892305	10.887905204570067	38.997511245898885	2.9734929163370303E-6
47.0	39.21424258200217	10.863717283494942	10.933771754020981	38.98826020319205	8.17728985888083E-6
48.0	38.974916955871805	10.982444101566234	10.827222620115146	39.21541409222107	2.230225742483223E-6
49.0	38.98567001200139	10.893372443509968	10.955190228133176	39.165756164888634	1.1151466823986606E-5
50.0	38.78938062689911	10.956678327290641	10.914793459156455	39.33914758665379	0.0
51.0	38.89006716109441	10.940879287829736	10.898992705328816	39.26593081094326	0.00413003480377727
52.0	39.039636331517	10.844835459654814	10.786748488754357	39.25023933384447	0.07854038622935959
53.0	39.033344517709665	10.85087424946464	10.705896210529225	39.409673117189485	2.119051069896617E-4
54.0	39.16987196137231	10.824562376712112	10.740774265232899	39.26479065313211	7.435505715344222E-7
55.0	39.217387645622836	10.84655500711628	10.854673015346918	39.081345294091015	3.903782295475073E-5
56.0	39.06305572294214	10.901416862136635	10.88623764774512	39.14928976717611	0.0
57.0	39.16843330653481	10.781419805148035	11.059974960075222	38.9901696973348	2.230907135437863E-6
58.0	39.32436464234215	10.751243263447776	11.079448289293278	38.844943804916795	0.0
59.0	39.33759194978103	10.739614685994406	10.991720991705002	38.931072372519566	0.0
60.0	39.188080199768585	10.784873146777274	10.88730033475998	39.13973850905107	7.809643088451736E-6
61.0	39.074665433369546	10.830564124981361	10.765383784063948	39.32938665758514	0.0
62.0	39.03296804350384	10.91813093020951	10.860063402361089	39.18883762392556	0.0
63.0	39.11830560060914	10.892992345397946	10.824794768239379	39.16390691379246	3.719610853717346E-7
64.0	39.28642051710664	10.8256664821495	10.890942349745838	38.99663847248533	3.3217851268808093E-4
65.0	39.47716694602341	10.734336252388823	10.948712595251845	38.83978420633593	0.0
66.0	39.81462954493217	10.653794880343533	11.115657785939801	38.41591704474258	7.440419197086582E-7
67.0	39.79132978303351	10.724917462013954	11.171213130948837	38.312537019700784	2.604302908137999E-6
68.0	39.43515510149007	10.905092517645008	11.055701175112006	38.604041159917195	1.0045835725389445E-5
69.0	39.13649000919501	11.05506006729509	11.03465789648923	38.77379128282331	7.4419736661892E-7
70.0	38.914033310679194	11.065834289813651	10.990317416999188	39.029813866088105	1.1164198695257961E-6
71.0	38.83598174614808	11.099019783253969	11.01975565237848	39.04524170165027	1.1165691991081382E-6
72.0	38.64841665137162	11.23707756990062	10.984073634170102	39.13042953887534	2.6056823149069295E-6
73.0	38.70501230264346	11.193839172786792	10.931223839238791	39.16992170707308	2.9782578724504403E-6
74.0	38.93801712432429	11.123911020828501	11.014646930418145	38.92342306284665	1.8615824120672242E-6
75.0	39.262765163022124	10.97261475065878	11.09771964952413	38.666898947402174	1.4893927939944644E-6
76.0	39.22620895406405	10.944970848739386	11.101093597299785	38.727723620845865	2.979050908118425E-6
77.0	39.05515549177019	10.990812619497314	10.983662165103068	38.970369723629425	0.0
78.0	38.93844822529113	11.0485127519073	10.940907990431244	39.07212693526968	4.097100644640423E-6
79.0	38.91611811148943	11.0928113172281	10.872630800876124	39.11843977040634	0.0
80.0	38.78735009167787	11.185826092057937	10.82756951947407	39.19924796294921	6.333840912440902E-6
81.0	38.83497602911155	11.172126194123933	10.822434394987578	39.17046338177694	0.0
82.0	38.825609198786	11.118217710017683	10.799906756731161	39.25626596175447	3.7271068703393416E-7
83.0	38.718392333857835	11.085801275026007	10.819878134518522	39.37592751104557	7.455520726800543E-7
84.0	38.802884508767676	10.992623173702633	10.826596038682368	39.37789627884732	0.0
85.0	38.83956858646314	10.907131388689777	10.740886775930575	39.51241324891651	0.0
86.0	39.008032987134634	10.931381758634446	10.681125515155918	39.379459739075	0.0
87.0	39.23822974100277	10.921551167811952	10.687517430254623	39.15270091489225	7.460383980890436E-7
88.0	39.25700306345546	10.985855324824263	10.745962430163763	39.01117209287579	7.088680727830965E-6
89.0	39.36380790622565	10.981288355221475	10.82650121089586	38.82832490887845	7.761877857082402E-5
90.0	39.341683325641114	10.949308043227743	10.819894023104078	38.88906048520202	5.412282504768063E-5
91.0	39.17005124010572	10.92082097522804	10.820174807904207	39.088939535617875	1.3441144153201981E-5
92.0	38.81963562235473	10.96523505232855	10.753796714340817	39.46132812935616	4.481619745813433E-6
93.0	38.84494820207144	10.96091451317928	10.741641608280277	39.44985796141654	0.0026377150524580857
94.0	39.01564177067206	10.919913899061275	10.736349684472582	39.326137864022826	0.0019567817712562163
95.0	39.27213710159864	10.884421323201622	10.85240231543537	38.99011203378837	9.272259760028835E-4
96.0	39.5348806434233	10.824150387268382	10.92416220787689	38.716766762534796	3.999889662856739E-5
97.0	39.741585759299234	10.714261276020814	10.93294320340086	38.61120976127909	0.0
98.0	39.62798440344696	10.738577905192383	10.946645898790866	38.68678580816605	5.984403746176902E-6
99.0	39.29718409797353	10.871405576991892	10.9623335278423	38.86907604890339	7.482888943328569E-7
100.0	38.85835466310428	11.027203311509211	10.867337357313525	39.247104668072986	0.0
101.0	38.53656343783876	11.16154882333699	10.750127357418233	39.55175776005469	2.621351331251963E-6
102.0	38.570990686978455	11.12119244235259	10.694365932864914	39.61344569207627	5.245727780937808E-6
103.0	38.74279457049644	11.030789911591524	10.663887952520895	39.562527565391136	0.0
104.0	38.991062560828944	10.920767492619285	10.64556685190487	39.44260121926518	1.8753817245731284E-6
105.0	39.264670949051556	10.828734007850082	10.73400622163902	39.1725741879767	1.4633482645760828E-5
106.0	39.28616517016125	10.835365736244968	10.826638305676575	39.04945590282812	0.0023748850890810873
107.0	39.095687138306864	10.926473817931944	10.916163881397908	39.05956856475417	0.002106597609117607
108.0	38.81456331392171	11.062430697954817	10.881387146745999	39.241112804678984	5.060366984876468E-4
109.0	38.63741172617105	11.114424676630176	10.81400720947195	39.434076327921176	8.005980565207794E-5
110.0	38.56996521852151	11.144234854166179	10.75307998112285	39.53271280025572	7.145933735974606E-6
111.0	38.66903020452753	11.149201183729733	10.71733158524267	39.46439938631135	3.764018871857147E-5
112.0	38.648131415263734	11.163679213144757	10.63494522745024	39.553187247226504	5.6896914765173656E-5
113.0	38.55366542050186	11.166715495801856	10.605308975235234	39.67234738474234	0.001962723718716261
114.0	38.64505946571555	11.080310803402742	10.671285340031949	39.6031161800935	2.2821075626059748E-4
115.0	38.83296247026228	10.960867150797144	10.728375354018814	39.47655187466642	0.0012431502553342097
116.0	38.90961708109952	10.859040521892057	10.745556808586267	39.48571892509244	6.666332971249186E-5
117.0	38.9410572675496	10.815663858425092	10.755575349455011	39.48770314531223	3.7925805821922183E-7
118.0	38.96141152981912	10.802517544410199	10.731419488931419	39.504648398038775	3.038800494888413E-6
119.0	38.918129358628676	10.868797827794104	10.744573876390339	39.46849893718688	0.0
120.0	38.74082337130211	10.965320546706845	10.786423891971813	39.50742990086481	2.2891544182534484E-6
121.0	38.584479848395084	11.052650327475233	10.810479788917638	39.55238582726281	4.2079492307711964E-6
122.0	38.56313940110698	11.075895129995041	10.840626851011393	39.520043979131074	2.9463875550666597E-4
123.0	38.748168364471184	10.966500835742938	10.856141483173698	39.42918931661218	0.0
124.0	39.167543535397456	10.7653882259744	10.869965542352436	39.19710269627571	0.0
125.0	39.457278191310856	10.659000939355229	10.935124861776945	38.948595619610074	3.8794690100935443E-7
126.0	39.6686426326657	10.64475296795834	10.949230039680948	38.734625825542004	0.0027485341530039866
127.0	39.71230834075351	10.755135984275169	10.91123880166812	38.619668723489546	0.001648149813653934
128.0	39.75714516644121	11.110180028261981	10.664253944970032	38.46827925385926	1.4160646752633786E-4
129.0	36.781456165914804	9.84886160950521	12.63106670454725	40.7386110393623	4.480670432560638E-6
