# Position (bp)	A	C	G	T	N
0.0	38.973166591991024	10.807621503051132	11.47324383964372	38.74589649121784	7.157409628014757E-5
1.0	39.602691493265034	10.665524227709392	11.425743079649015	38.29535675794063	0.0106844414359272
2.0	39.61306310352893	10.65598532095588	11.172559315461154	38.55839226005404	0.0
3.0	39.77990511509341	10.674596331698382	10.995650494540346	38.549848058667855	0.0
4.0	39.66097550186272	10.713626559254779	10.798107385374871	38.82729055350762	0.0
5.0	38.87442436533067	10.844913352922756	10.81697117487692	39.46368936115999	1.745709665369453E-6
6.0	38.86590844444106	11.037288463194873	10.807055194835687	39.28967353029663	7.43672317447387E-5
7.0	39.14812161465435	10.939113941317691	10.922219312318179	38.990502885535875	4.224617390194076E-5
8.0	38.9407697120211	11.003896528715684	10.977295753976717	39.078032069873636	5.9354128622561405E-6
9.0	39.55716373433413	10.795433307309457	11.17487028591617	38.472504391943666	2.8280496578985143E-5
10.0	39.15526156718571	10.928136569799914	11.035683108586598	38.880896409344054	2.2345083716728998E-5
11.0	38.80270258201283	11.022190518582956	10.827869291175888	39.34721142258334	2.61856449805418E-5
12.0	38.52940021221545	11.123839002694224	10.611419448050597	39.735338194762335	3.1422773976650158E-6
13.0	38.49729451661771	10.969570988707458	10.56907621269126	39.96405409228038	4.189703196886687E-6
14.0	38.46678125737672	11.040894051937727	10.698907433640251	39.792901225268224	5.160317770832103E-4
15.0	38.7283290657133	10.9979988231822	10.850135817957675	39.42345983106348	7.646208334318205E-5
16.0	38.90373168833482	11.202005596954672	10.789444126589508	39.10454765398093	2.709341400653391E-4
17.0	39.06154384208422	11.106872450456498	11.066556682302522	38.765016201756836	1.0823399925290609E-5
18.0	38.82940146563499	11.18787093493611	10.98885654166466	38.993682521120384	1.8853664385990094E-4
19.0	38.7627747105465	11.194523834470832	10.77669136834205	39.26593257713147	7.750950914240371E-5
20.0	38.93370620613826	11.137814899952343	10.587297815945707	39.34095622976041	2.2484820328461816E-4
21.0	38.58603595687776	11.2078197377861	10.486742196478577	39.71924813615873	1.539726988319289E-4
22.0	38.81410730330831	11.106961669209902	10.508494453907263	39.57026200070632	1.7457286819905565E-4
23.0	39.047822211317666	11.0429254793703	10.661317495965877	39.24786044501791	7.43683282509913E-5
24.0	39.02318866197093	11.051696542614877	10.734495791047502	39.19056523549131	5.376887537603342E-5
25.0	39.56372656622854	10.78632077676943	11.00087137372345	38.64907779177831	3.4915002742748045E-6
26.0	39.537747836454606	10.855639082838472	10.8269674458418	38.77964144504506	4.189820063324173E-6
27.0	39.264099467505375	10.898523291094449	10.914816536865496	38.92256000622778	6.98306901148534E-7
28.0	39.29881909619034	10.956553653144205	10.86778439605242	38.876842854613024	0.0
29.0	39.24750859126087	11.047820561951427	10.896882984399218	38.80778786238849	0.0
30.0	39.103214357178615	11.104583176256416	10.951213931510631	38.840921147167116	6.738788721721576E-5
31.0	39.09719896337339	11.123813226664288	10.734429327165993	39.0445560386568	2.4441395314426E-6
32.0	39.04186383464524	11.000600983780979	10.670111231580993	39.287414871687936	9.07830484863882E-6
33.0	39.36166265676999	10.710027206365211	10.737916684672118	39.19035120281397	4.2249378710665165E-5
34.0	39.64833505157726	10.614739671423669	10.801616266057241	38.93529609159579	1.2919346041558637E-5
35.0	39.633173713107695	10.57261398872975	10.967831254381291	38.826370219364456	1.0824416810189413E-5
36.0	39.60894110058468	10.666266629297132	10.942173065107822	38.733023654481464	0.04959555052890782
37.0	39.30844455592205	10.858942606486245	10.962473757030837	38.87013768383173	1.3967291369137172E-6
38.0	39.11671991483868	10.987119467902104	10.944083958105088	38.95207596078081	6.983733181389647E-7
39.0	39.24923757964687	10.976538643809707	11.017554677234179	38.75651789939035	1.5119991888979872E-4
40.0	38.929602687613674	11.143613567850839	10.874683189073467	39.052058651852995	4.1903609023404436E-5
41.0	38.95235930150442	10.999866154242058	10.603743262416197	39.444028139016424	3.142820896653856E-6
42.0	39.18564923703778	10.793875489447421	10.719196710393009	39.30124364234525	3.4920776543784236E-5
43.0	39.289930176362	10.704188896206267	10.950113668072605	39.055763418012276	3.84134685722564E-6
44.0	39.277184003021276	10.8010701896912	10.912666580425896	39.00904674950421	3.247735742372866E-5
45.0	39.46770469904072	10.715419585181372	10.949388046743321	38.86748662135988	1.0476747064187603E-6
46.0	39.30957622256723	10.82367872743928	10.845001391319883	39.02174016636099	3.492312611471781E-6
47.0	39.27071397157761	10.82776735111604	10.9046551413455	38.996853757309395	9.778651458377078E-6
48.0	39.03174862785464	10.973020834049649	10.797285030828068	39.197944110288354	1.3969792858460983E-6
49.0	39.04329188149531	10.878862221121004	10.929026492143635	39.148804736609705	1.4668630349226455E-5
50.0	38.81700561888337	10.954935862828927	10.87805204890167	39.35000646938603	0.0
51.0	38.90163539348742	10.938185597933431	10.858987608898458	39.29707872891754	0.004112670763154522
52.0	39.038115838181035	10.842718476660345	10.75191413061323	39.288887853779016	0.07836370076637246
53.0	39.03785781832027	10.838718818849905	10.680305180477673	39.442885556538464	2.326258136803874E-4
54.0	39.2262070118485	10.79559311100679	10.714007212645823	39.26419126731261	1.3971862785088046E-6
55.0	39.30787030175435	10.800454430555046	10.81217644686788	39.07945865061365	4.017020907014957E-5
56.0	39.118123139569086	10.877033593847164	10.824753561392074	39.180089705191676	0.0
57.0	39.212721528869956	10.76002001932885	11.01496426002895	39.01229244514096	1.746631283596431E-6
58.0	39.35909710077888	10.734812546061784	11.050242327422573	38.85584802573676	0.0
59.0	39.34952698469529	10.739504725213187	10.974936543242402	38.93603069878841	1.048060717706809E-6
60.0	39.19118959341757	10.785437142917765	10.850059716146097	39.173299921951006	1.3625567565592757E-5
61.0	39.067977631058966	10.815537645213885	10.71345597905639	39.403028744670756	0.0
62.0	39.01705291032445	10.905088707150846	10.825900818704506	39.2519575638202	0.0
63.0	39.14130679599461	10.874464091550788	10.793362510255673	39.19086555392795	1.0482709849821834E-6
64.0	39.28178445674868	10.8139582638733	10.846137202477735	39.05779055797161	3.295189286767251E-4
65.0	39.44897899520253	10.732647845004141	10.880001573368462	38.938371586424864	0.0
66.0	39.788840332391004	10.645795279035234	11.043241839374932	38.522122549198826	0.0
67.0	39.780569986475456	10.709048925055917	11.122197678212906	38.38817886701037	4.543245352688118E-6
68.0	39.47998041893643	10.872401416640306	11.029510841990277	38.618096488023305	1.0834409685335959E-5
69.0	39.18912761275783	11.020436792291646	11.002363956182691	38.78807163876783	0.0
70.0	38.965720114557456	11.032218971466765	10.942529714999436	39.05953015034305	1.048633298395435E-6
71.0	38.88467032407421	11.055247273877002	10.96300392049371	39.09707568493542	2.796619662889523E-6
72.0	38.69636831467703	11.202427332619122	10.93399865761015	39.16720359743475	2.097658945491745E-6
73.0	38.73766731941402	11.15766874194614	10.883350383894344	39.221310408014666	3.1467308314452687E-6
74.0	38.951790302968156	11.095690209507174	10.950254707937374	39.002261982306926	2.7972803679391545E-6
75.0	39.27450462499759	10.945991928624665	11.049680962427425	38.729821434905034	1.0490452759583708E-6
76.0	39.27599311895298	10.925596531053925	11.067145979267622	38.73126262220411	1.7485213567948018E-6
77.0	39.182389331127695	10.943061197992373	10.971180562689812	38.90336890819012	0.0
78.0	39.077296054922	10.98612214517631	10.931343026158459	39.00523457661882	4.197124411560534E-6
79.0	39.005784215697275	11.04854625893616	10.859963684352229	39.08570584101434	0.0
80.0	38.817825853346314	11.171083205928442	10.800360387180078	39.21072390660722	6.6469379484483505E-6
81.0	38.86453776302597	11.155898844217317	10.78844297789463	39.19112041486208	0.0
82.0	38.877478145061026	11.099456118787687	10.781248968811195	39.24181641741388	3.499262114097262E-7
83.0	38.788429616659705	11.063515054382263	10.797819552355035	39.3502343767247	1.3998783029796088E-6
84.0	38.84538731828237	10.977296079957801	10.80612355844071	39.37119304331912	0.0
85.0	38.85778054509703	10.910753153572102	10.743476457019456	39.487989844311414	0.0
86.0	39.063221651414814	10.920758031796614	10.692151379318625	39.323868937469946	0.0
87.0	39.31045859227066	10.896666353774947	10.694099631658323	39.098775422296065	0.0
88.0	39.293502640561265	10.960434634105749	10.75038791471224	38.99566640625868	8.404362069821109E-6
89.0	39.383674773305124	10.965606257321857	10.806039589228684	38.8445911209507	8.825919363185542E-5
90.0	39.333202240644596	10.96470388030447	10.789701271032184	38.91233761144229	5.499657646311517E-5
91.0	39.18665911908772	10.926001691401202	10.795129682769533	39.09219514183478	1.4364906765413512E-5
92.0	38.850304919079875	10.957706787188782	10.734706111790738	39.45727622465897	5.957281630015981E-6
93.0	38.838754055512425	10.952567582153545	10.71946512357802	39.48657546720486	0.0026377715511508486
94.0	38.99347257484811	10.914914597385254	10.711492135372461	39.37815415385713	0.001966538537041084
95.0	39.256447911233586	10.877281656401378	10.819862302937912	39.04542645818288	9.816712442464249E-4
96.0	39.531752111256004	10.81873351047369	10.891945896591228	38.75753026018977	3.8221489301592996E-5
97.0	39.76725721855657	10.697882885012481	10.893409000965322	38.6414505447455	3.5072011959275505E-7
98.0	39.65535022723864	10.717459998788517	10.905165133723568	38.72201692290382	7.717345459350363E-6
99.0	39.32830822327364	10.847017177403483	10.933381070359664	38.89129317810014	3.5086307351371885E-7
100.0	38.91225257767476	10.99993759718547	10.846055225609968	39.241754599529806	0.0
101.0	38.6011864479527	11.131364709757593	10.727629038240515	39.53981664448312	3.159566069689594E-6
102.0	38.615426843796506	11.09758007189126	10.676869914660193	39.610118604155474	4.565496564548121E-6
103.0	38.76843650098986	11.010945546569545	10.645120490921673	39.57549746151893	0.0
104.0	38.98665800872674	10.915336597990411	10.617739944179046	39.48026474625766	7.028461427728129E-7
105.0	39.28279122778342	10.817350751640358	10.697890570478071	39.20195409265529	1.335744286154333E-5
106.0	39.370054471517676	10.79433900358173	10.801846698054405	39.03134820897572	0.002411617870467444
107.0	39.21471069709035	10.874710747382533	10.8972894779124	39.0111764540276	0.002112623587117034
108.0	38.92838758060987	11.009954964936238	10.87137758189513	39.18969905140825	5.808211505188197E-4
109.0	38.71759538296046	11.078449329444071	10.807312848773483	39.396564664482305	7.777433967491691E-5
110.0	38.62906146353048	11.11315715436342	10.751932841950604	39.505839738539336	8.80161616261759E-6
111.0	38.73458195646797	11.115205358853034	10.723699611292883	39.42647256456831	4.0508817804469414E-5
112.0	38.71598416922321	11.136535440832418	10.626002103676159	39.521420477085506	5.780918270244633E-5
113.0	38.583412486981764	11.146925561351338	10.590677898797846	39.67703342821352	0.0019506246555294406
114.0	38.67248960663904	11.074204806496207	10.641846781708503	39.61122256632423	2.362388320210896E-4
115.0	38.88297544616414	10.954329236710302	10.706880595132661	39.45449327591582	0.0013214460770674915
116.0	38.97267144977009	10.841738936592991	10.726105144475866	39.45941125254745	7.321661360089217E-5
117.0	38.998241154607506	10.798717535605265	10.749442577747246	39.45359837803287	3.540071114576982E-7
118.0	39.01217182218495	10.787485715914814	10.734490393328686	39.46584710735858	4.9612129712117995E-6
119.0	38.95037673085071	10.856807020720904	10.749722562936896	39.44309226616736	1.4193241364393738E-6
120.0	38.77110013926092	10.962413340431286	10.787558755672274	39.47892421056496	3.5540705543068823E-6
121.0	38.61660370054255	11.048418669669609	10.794183957756744	39.54079011154525	3.560485850511734E-6
122.0	38.56313152917068	11.083875667555084	10.810849040632597	39.541848019054335	2.957435872988639E-4
123.0	38.70455786352974	10.9978070881833	10.827086401045905	39.4705479322225	7.150185418965794E-7
124.0	39.097082824335736	10.808461365519971	10.83367507855821	39.26078073158608	0.0
125.0	39.3901027003966	10.699014497116313	10.893833787539304	39.01704865528228	3.5966549698891283E-7
126.0	39.63495627558328	10.666042915947687	10.907758903368642	38.78843886008893	0.002803045011465224
127.0	39.70087763884849	10.75562699856417	10.867588506503704	38.67424139752297	0.00166545856066713
128.0	39.73584508228397	11.100037060213037	10.619735998785117	38.54422903145591	1.528272619605849E-4
129.0	36.73128427801924	9.84988822692794	12.583655881678627	40.835164711693004	6.9016811963964964E-6
