# Position (bp)	A	C	G	T	N
0.0	38.615094969219165	11.155997766409484	11.970950348383338	38.25787971337802	7.720260999260296E-5
1.0	39.15605152139675	11.011676794062325	11.883649759063166	37.938079954855574	0.010541970622191518
2.0	39.14580218833575	11.023305704197535	11.607558273445468	38.22333383402125	0.0
3.0	39.28233485153334	11.054819321358664	11.435771786008964	38.227073430801724	6.102973121944897E-7
4.0	39.19101423381774	11.084460241217327	11.223196688009251	38.50132883695568	0.0
5.0	38.422614215372114	11.221914758504987	11.267376415587666	39.08809308479195	1.5257432804862246E-6
6.0	38.45417421512897	11.401817284747711	11.28431948956881	38.85962950656657	5.950398793896275E-5
7.0	38.73015096485198	11.298722200987944	11.40087681658962	38.570188682690585	6.133487987554622E-5
8.0	38.492784979733614	11.368721776953372	11.428971548207837	38.70951925391593	2.4411892487779587E-6
9.0	39.0590679549213	11.186025614764079	11.637058519773671	38.11781464933745	3.326120351459969E-5
10.0	38.62606842004108	11.353617223625214	11.48373261058508	38.536558554450764	2.319129786339061E-5
11.0	38.28403034290824	11.456771811372919	11.280542054354983	38.9786255816469	3.0209716953627243E-5
12.0	37.98277202702758	11.568763809349857	11.0526915197797	39.395768676910336	3.9669325292641835E-6
13.0	37.98696995708951	11.408430161273994	11.0025745147996	39.602021705053026	3.661783873166938E-6
14.0	37.96533674826415	11.481820243957317	11.133139080581241	39.419260241051326	4.4368614596539406E-4
15.0	38.26658255304991	11.424489524747079	11.29447544714104	39.014389004141506	6.347092046822694E-5
16.0	38.4737537734988	11.602545291323104	11.269295800634518	38.65409784984689	3.072846966899256E-4
17.0	38.63091845278109	11.516846122150127	11.542153625943554	38.310072644665546	9.154459682917347E-6
18.0	38.397520315637955	11.585281200955745	11.469155659283315	38.54782403253656	2.1879158642172455E-4
19.0	38.312594088010876	11.604989226909785	11.218900500080059	38.86345637586268	5.980913659505999E-5
20.0	38.467974166353116	11.565884653785615	11.019666067409268	38.94623923159648	2.3588085552405625E-4
21.0	38.11814585729557	11.652072044600779	10.902190495084268	39.32739081362779	2.0078939159215358E-4
22.0	38.35826412039868	11.550618293048112	10.934244043129457	39.15667794074529	1.9560267846162818E-4
23.0	38.602917203950874	11.461683234928573	11.111109788778188	38.824231182822075	5.858952028292293E-5
24.0	38.61125644807516	11.445317502400306	11.195265975412335	38.74810362039289	5.645371931109447E-5
25.0	39.160527115485294	11.158453867187538	11.460723083900419	38.2202931870145	2.7464122495332677E-6
26.0	39.148000015135864	11.209924135137886	11.27975265555092	38.36231800647962	5.187695713449754E-6
27.0	38.90402591405244	11.245656342689713	11.375108141607218	38.47520868616935	9.154812763343339E-7
28.0	38.92138564879076	11.331467788161238	11.324538770925944	38.42260779212206	0.0
29.0	38.84058358087094	11.4366800105908	11.373512150333159	38.3492242582051	0.0
30.0	38.65636706302884	11.506263429355071	11.424847172709468	38.412464658242754	5.7676663865554226E-5
31.0	38.62014169523889	11.53744056709223	11.173330967244754	38.66908524457165	1.5258524804296067E-6
32.0	38.5732023187357	11.404269462580723	11.112172267457323	38.91034191324168	1.4037984576808139E-5
33.0	38.925134449990935	11.101421577957634	11.191153019590681	38.782243344878914	4.760758183577759E-5
34.0	39.20274359542112	11.014021250040837	11.245514860320421	38.537699236776085	2.10574415419101E-5
35.0	39.22138435132635	10.954945418590128	11.441954850408735	38.38170286713448	1.2512540312047861E-5
36.0	39.20723661798282	11.050543024832766	11.413346558146898	38.28312001327568	0.04575378576183509
37.0	38.89128183523709	11.241961230301657	11.428645633940919	38.43810977455798	1.5259623573164157E-6
38.0	38.683467364825844	11.370430357839682	11.399638062033715	38.54646238411586	1.8311848900657765E-6
39.0	38.795691154581355	11.368558468685512	11.477136096390991	38.35847602321195	1.3825713018954586E-4
40.0	38.51754660155784	11.536087616414582	11.339859671723755	38.606454224632955	5.18856708642968E-5
41.0	38.54443324766568	11.384239403461216	11.055674064140554	39.015649316913375	3.967819179569877E-6
42.0	38.78525473032312	11.177716911504401	11.18241003015173	38.854588110880655	3.0217140094014316E-5
43.0	38.85758583584022	11.106341542292203	11.408229965252872	38.627837467692814	5.188921884971839E-6
44.0	38.81057520510117	11.223276441007899	11.350951349459041	38.6151585444566	3.84599752912973E-5
45.0	38.96568125917907	11.138516072562656	11.39513125974347	38.50067049277875	9.157360504141756E-7
46.0	38.80938869792199	11.248862615177254	11.263529725572164	38.67821468778397	4.273544621714026E-6
47.0	38.80080039183603	11.243077429848485	11.350053554609376	38.60605916060143	9.46310468120893E-6
48.0	38.585598349037284	11.37549123326267	11.239842963608291	38.799065927738106	1.5263536465788332E-6
49.0	38.61102010328042	11.275211831834788	11.393880276624186	38.71986886080271	1.892745789220654E-5
50.0	38.36383719763335	11.361674107783633	11.336042546175836	38.93844614840718	0.0
51.0	38.44664468987164	11.35243031466093	11.319092771366455	38.87797529803875	0.003856926062229739
52.0	38.56658952547163	11.269218372084337	11.186717242038837	38.89907321659518	0.07840164381001836
53.0	38.54477202619066	11.273108625755523	11.096858894962844	39.085007031205485	2.534218854944904E-4
54.0	38.76603138922536	11.21704306723972	11.145272252827217	38.87165268002999	6.106777144941962E-7
55.0	38.853028013200145	11.229051664840268	11.265302983187308	38.65258985714617	2.7481626105404898E-5
56.0	38.66937894624763	11.294956013289802	11.286504441519758	38.7491605989428	0.0
57.0	38.77450107727809	11.171523249623432	11.484373579989365	38.569600566215954	1.5268931569583624E-6
58.0	38.95229284950042	11.129769607459732	11.512325636919657	38.40561190612019	0.0
59.0	38.96556187317527	11.116916456718426	11.414764770789162	38.50275628848532	6.108318189514525E-7
60.0	38.776731059107775	11.179104960849864	11.29779210644072	38.746360572216616	1.130138503055192E-5
61.0	38.61117105629666	11.23794974745626	11.146162591679401	39.004716604567676	0.0
62.0	38.55714293984401	11.348081864445724	11.267337781516394	38.827437414193874	0.0
63.0	38.67197157342924	11.308947331873998	11.224170403761024	38.79490977440528	9.165304506381338E-7
64.0	38.842620512393	11.23827603214641	11.278412514027588	38.64030933810594	3.816033270628381E-4
65.0	39.01486250105081	11.15486990861703	11.311383382256702	38.51888420807546	0.0
66.0	39.3603286688926	11.063425598357707	11.49523589212591	38.081009229496956	6.11126819616737E-7
67.0	39.34581475633847	11.13189960932328	11.572940667146604	37.949341300197	3.6669946426675065E-6
68.0	39.021336253692276	11.3037526276278	11.468262718008875	38.20663984373818	8.556932865207984E-6
69.0	38.745115412576894	11.449023547993981	11.438104819796806	38.367755913999616	3.056326997110038E-7
70.0	38.52215582253187	11.44882538939616	11.363509816227486	38.66550805483428	9.170102092580617E-7
71.0	38.439642836266856	11.48064276803116	11.390412982489352	38.689300496066174	9.171464565496363E-7
72.0	38.2518475661158	11.63521081832554	11.356372732293723	38.75656735445684	1.5288080984609653E-6
73.0	38.29739455159735	11.585686096511754	11.305116653703932	38.81179841699503	4.281191940347926E-6
74.0	38.528078348552214	11.51943426759923	11.374074988176092	38.57841178401327	6.116591987003318E-7
75.0	38.850953982901174	11.358134986021174	11.45815911852383	38.332750383263786	1.5292900378966942E-6
76.0	38.824401093487246	11.333039573417606	11.46853053033439	38.374026355662124	2.4470986294751887E-6
77.0	38.71192973951853	11.360387125902234	11.35350512258778	38.57417801199146	0.0
78.0	38.61568769855627	11.409885061729385	11.319499847451334	38.65492280286093	4.589402075625012E-6
79.0	38.576993047477046	11.470823038131703	11.254798037379308	38.697385877011946	0.0
80.0	38.37798334882477	11.601204595039025	11.196516475785169	38.82429129545294	4.284898100073122E-6
81.0	38.3982174219803	11.597793791414158	11.190330515143861	38.813658271461684	0.0
82.0	38.41282600362808	11.538794595167737	11.17783578725421	38.87054361394996	0.0
83.0	38.30573885505253	11.500518297006709	11.199886739953936	38.99385427054286	1.8374439659978543E-6
84.0	38.38757083426581	11.408110292278415	11.203425856205614	39.00089301725016	0.0
85.0	38.44480026868205	11.320949830084466	11.125550189783564	39.10869971144992	0.0
86.0	38.66109075753831	11.336052227670459	11.07855965237767	38.92429736241357	0.0
87.0	38.93660034638724	11.309392559254656	11.096388607604123	38.657617873844124	6.129098626316996E-7
88.0	38.94888232520709	11.376100599027213	11.167457435046488	38.50755167130824	7.96941097308013E-6
89.0	39.039193647409746	11.372462463923668	11.245907670633894	38.342350680693116	8.553733957345497E-5
90.0	38.97190884345723	11.359570193664057	11.231988319796264	38.436472842672856	5.980040960091222E-5
91.0	38.79562336954972	11.338500853803353	11.22637684312846	38.63948052779099	1.8405727482007368E-5
92.0	38.415402465263696	11.39101099095529	11.14387613176234	39.049706116075704	4.29594296976144E-6
93.0	38.4127232529279	11.394754143014039	11.111111690875616	39.07894070714227	0.00247020604016819
94.0	38.57247776421918	11.349237543576528	11.09756683944767	38.97863665080813	0.002081201948496235
95.0	38.82818771209428	11.311841726667705	11.224339084574577	38.63454901343887	0.0010824632245709804
96.0	39.12354016555788	11.241252252291908	11.30380351477683	38.331355843275404	4.8224097985371354E-5
97.0	39.381518941414484	11.104359949038505	11.30962847215816	38.204491408408956	1.2289798927675102E-6
98.0	39.27585351496204	11.12506436188165	11.331913657015416	38.26716170475303	6.761387871364043E-6
99.0	38.946241815817174	11.26431498464928	11.361332884173203	38.428109700482416	6.14877931374046E-7
100.0	38.499990027136796	11.43811563111208	11.257660785199427	38.804233556551694	0.0
101.0	38.14734701373544	11.5929039049846	11.141853820585963	39.11789156790068	3.6927933116718386E-6
102.0	38.173661531759976	11.55670660648353	11.096795884129376	39.17283012706651	5.850560614420703E-6
103.0	38.340367933109896	11.46472819879298	11.049770453285822	39.145133414811305	0.0
104.0	38.582329320871594	11.344886216287971	11.019594461538144	39.053188460019435	1.541282859106337E-6
105.0	38.888777256144486	11.243039428555806	11.10992447354075	38.758244964760344	1.387699861390987E-5
106.0	38.95507212972989	11.234314139923898	11.203820267368455	38.60454730592619	0.002246157051566352
107.0	38.800444257957935	11.311539465311228	11.305253122187509	38.580616063909936	0.0021470906333990515
108.0	38.51247259470163	11.452330854353182	11.275101153398861	38.759487439858155	6.079576881703998E-4
109.0	38.322275859834036	11.504190918332599	11.202931234747311	38.97050560188035	9.638520569884944E-5
110.0	38.233040985194926	11.546882361191004	11.14631996706777	39.073749576664504	7.109881798122368E-6
111.0	38.31985974683847	11.562725838301938	11.11808090101959	38.99927937173977	5.414210023010826E-5
112.0	38.28318727247812	11.59598125909252	11.021082774468177	39.099693562203306	5.513175787046263E-5
113.0	38.138777058633615	11.609485609746617	10.984388707411776	39.26557263710934	0.001775987098654055
114.0	38.2425023467353	11.525829954586566	11.050174592931768	39.18130207687705	1.9102886931397602E-4
115.0	38.47283524315191	11.385051641309849	11.107662119970101	39.033096779008666	0.001354216559469571
116.0	38.56671874558198	11.259103378203909	11.128125715835964	39.045980849258754	7.13111193902594E-5
117.0	38.621004333537684	11.203392602987448	11.139026603051162	39.0365758368128	6.236109086497667E-7
118.0	38.65066018065282	11.187332398726586	11.118758691672555	39.0432427953996	5.93354844216091E-6
119.0	38.59407678314212	11.26776713308648	11.141024460847609	38.99713037129883	1.2516249573027702E-6
120.0	38.39889748019932	11.381390718010833	11.190214057094837	39.02949586263669	1.8820583186008421E-6
121.0	38.23903111934154	11.478279170909877	11.204181512254966	39.078503164993066	5.032500549061537E-6
122.0	38.19093381114315	11.519109027703294	11.235256244440098	39.054347291184285	3.536255291764721E-4
123.0	38.361344825669555	11.416617936157413	11.250890799616037	38.97114643855699	0.0
124.0	38.769318313077974	11.221211479200841	11.257081048142945	38.752389159578236	0.0
125.0	39.05765540091298	11.114399982866521	11.327126645074118	38.50081797114638	0.0
126.0	39.29859332259119	11.083581337482745	11.337050970874177	38.27816020376891	0.0026141652829763835
127.0	39.369877116979204	11.17457277146848	11.302442834004491	38.15140656607892	0.0017007114689068
128.0	39.422156279308915	11.534824342756117	11.045277942494096	37.99757723127809	1.6420416277865833E-4
129.0	36.31109529870634	10.192548004680317	13.131737713427002	40.364610432565755	8.550620583886945E-6
