# Position (bp)	A	C	G	T	N
0.0	38.65953738084578	11.164781752472683	11.805545572862487	38.37006024906305	7.504475600031822E-5
1.0	39.192669534974385	11.033129571277541	11.763885897319145	37.99983204546453	0.010482950964393967
2.0	39.15318870741958	11.029452378233525	11.507731187265088	38.30962772708181	0.0
3.0	39.38952176592639	11.02871905253533	11.328160015004288	38.25359843794413	7.285898640807594E-7
4.0	39.30026768610183	11.0400726683873	11.144610377790674	38.515049267720194	0.0
5.0	38.48662952718693	11.169335439123188	11.172909172406504	39.17112513269352	7.285898640807594E-7
6.0	38.45877881533751	11.374068098045084	11.149371712552442	39.01771725815693	6.411590803910683E-5
7.0	38.670645826208485	11.284257375564374	11.242383858895924	38.802661938040735	5.100129048565316E-5
8.0	38.499790774491686	11.321584855775892	11.303798884308884	38.87482329965395	2.1857695922422782E-6
9.0	39.135948085465834	11.11264167602947	11.502276963542581	38.249099395533435	3.3879428679755314E-5
10.0	38.74651133869069	11.263707862742908	11.400750151752518	38.58900441757878	2.6229235106907337E-5
11.0	38.40818079934162	11.394870067254455	11.172133224201259	39.02478057259426	3.5336608407916836E-5
12.0	38.11290409224082	11.500153488383717	10.962381309705709	39.424556738130576	4.3715391844845565E-6
13.0	38.03186122018445	11.368563601621954	10.925821398916	39.673751593508	2.1857695922422782E-6
14.0	37.98507263629291	11.438324259633028	11.024342048926863	39.55180350071255	4.575544346427169E-4
15.0	38.23409918741174	11.35916078513106	11.1842460306916	39.222426237908245	6.775885735951063E-5
16.0	38.461725597042786	11.55129248235368	11.143197642044223	38.843506321526164	2.7795703314680974E-4
17.0	38.661044468979625	11.452457445816467	11.442496893784618	38.44399244834092	8.743078368969113E-6
18.0	38.42769207160677	11.522908807018686	11.374068098045084	38.67512701816751	2.0400516194261264E-4
19.0	38.36554554197028	11.531802339194588	11.153339977247159	38.94925239721912	5.974436885462227E-5
20.0	38.54047490889876	11.49343853708586	10.935191077949517	39.03065467613681	2.4079992905837367E-4
21.0	38.16717745418436	11.573692183645518	10.875529874449581	39.383427446229	1.7304149153547142E-4
22.0	38.374649243543466	11.506334909510608	10.892534334660912	39.22629499105245	1.8652123256436312E-4
23.0	38.605194675948425	11.454869974411835	11.035340742413744	38.90453631908876	5.828813722781977E-5
24.0	38.637810936157	11.440741269856565	11.121500698012927	38.79989099337	5.610260350142542E-5
25.0	39.20947969895676	11.119565321020069	11.406519520936358	38.26443181604277	3.6430440385626264E-6
26.0	39.248305518461684	11.159503334798014	11.207146949499707	38.38503836833966	5.828900933843119E-6
27.0	38.975340882080765	11.185949647332913	11.309379448066387	38.52932965821174	3.6430819033156084E-7
28.0	39.000822044256815	11.244715060262893	11.260653270094123	38.49380962538616	0.0
29.0	38.89656904280301	11.361215241758904	11.280260620457797	38.46195509498029	0.0
30.0	38.776043354093524	11.416831937879103	11.347151823170949	38.459913865712196	5.9019144229257815E-5
31.0	38.76103888197706	11.440846369372943	11.147870309871525	38.65024334582212	1.092956357141487E-6
32.0	38.70761684978282	11.325622243547118	11.089503744240293	38.877245868449975	1.12939797910699E-5
33.0	38.999430075148595	11.053050424463095	11.138359722009229	38.809115330703804	4.444767528038204E-5
34.0	39.27688528363476	10.968259754894783	11.205959915658893	38.548875372053985	1.967375758317244E-5
35.0	39.2811066228082	10.909713692689	11.375918845107488	38.43324444442631	1.6394968997550824E-5
36.0	39.30062376528325	10.990096376215236	11.32520676083239	38.341721865172005	0.04235123249712135
37.0	38.93467499849755	11.16814850670052	11.33051759407116	38.56665707902402	1.8217067545079091E-6
38.0	38.73393162078703	11.316727472079094	11.313920182786486	38.635419995654516	7.286928728379126E-7
39.0	38.91755326398198	11.286511386861404	11.40677218629063	38.389019972258694	1.431906072878707E-4
40.0	38.583706409226856	11.467664090604899	11.266683388581711	38.68190238844614	4.37231403966325E-5
41.0	38.629678276043556	11.31601000736501	11.01734074753717	39.036969147222614	1.8218316558466143E-6
42.0	38.858282910327176	11.111195362309429	11.131575852688666	38.89891854667912	2.7327995609797585E-5
43.0	38.9078878641966	11.047455315897112	11.361848175193067	38.682805000909404	3.6438038200072418E-6
44.0	38.87162037494799	11.156495959970119	11.319901602939545	38.651948538476574	3.3523665767667623E-5
45.0	39.02593713688023	11.085773298988848	11.329486608040831	38.55880186290463	1.093185460808281E-6
46.0	38.84908488913038	11.207732793290347	11.20330311302158	38.739875196127045	4.008430647947656E-6
47.0	38.84342789852999	11.179306068677224	11.255916938092488	38.72134326412308	5.830577222517008E-6
48.0	38.67176840273947	11.301491333594518	11.167996095045075	38.85874234651855	1.8221023928326013E-6
49.0	38.73541826510895	11.175015031525405	11.325235533378098	38.76431258397915	1.8586008404767928E-5
50.0	38.493696122663074	11.259534900332792	11.288157960192885	38.958611016811254	0.0
51.0	38.53723850665517	11.261284174383402	11.26309333422455	38.93450252778518	0.003881456951699423
52.0	38.62929066829886	11.19258362722088	11.121420380114074	38.9784706913121	0.07823463305409474
53.0	38.57883826429685	11.205539044772456	11.052932558950701	39.1624692584398	2.2087354019948184E-4
54.0	38.769093924330114	11.162707982388062	11.07884524203467	38.98935175777992	1.0934672316519515E-6
55.0	38.83795485722433	11.177144984748926	11.182923428113048	38.80194939229606	2.7337617631308283E-5
56.0	38.65912370322525	11.260624948514593	11.203955688922045	38.87629565933812	0.0
57.0	38.806363982112835	11.110308134567264	11.409779704837236	38.67354817848266	0.0
58.0	39.00575112795458	11.060401707874824	11.437102839969732	38.49674432420086	0.0
59.0	38.99778145008227	11.052100678504933	11.372082290304236	38.57803558110856	0.0
60.0	38.821745310984475	11.105560651605927	11.22687440030664	38.84580724081206	1.2396290898508321E-5
61.0	38.693353935914644	11.162270439668788	11.084669833691125	39.05970579072544	0.0
62.0	38.619990380879294	11.268136426546068	11.201977850788545	38.9098953417861	0.0
63.0	38.77314616821008	11.225915353807931	11.165581448556718	38.83535666475537	3.646698977999848E-7
64.0	38.88918617085898	11.159094767247382	11.232109796234962	38.71927156403817	3.377016204947773E-4
65.0	39.061552613672355	11.084507517812362	11.280351766525415	38.57358810198987	0.0
66.0	39.387242011210574	11.007035133886097	11.448940209832795	38.15678191561289	7.294576439014863E-7
67.0	39.38578973595916	11.055355441164874	11.531736629862593	38.027114910257104	3.2827562721982713E-6
68.0	39.1006997643873	11.227244116956046	11.422601319021421	38.24944568025431	9.119380925646055E-6
69.0	38.7946435791027	11.382384739376107	11.387718949355587	38.43525273216561	0.0
70.0	38.57395294460487	11.401815837431243	11.326080420294407	38.698150067967376	7.297021099132192E-7
71.0	38.51510546383412	11.42902784216437	11.347563379937652	38.7083011246298	2.1894340525349297E-6
72.0	38.34084756517717	11.568125711610744	11.3203389240572	38.77068451451336	3.284641527526484E-6
73.0	38.4259625581065	11.506899019577334	11.277402920156915	38.78973258212936	2.920029893222026E-6
74.0	38.58316621210715	11.466269279659269	11.336123525906096	38.61443806201045	2.9203170325373693E-6
75.0	38.88330782398783	11.31676883492763	11.422229878548835	38.377693097461965	3.65073746594405E-7
76.0	38.8841972653456	11.294733450170721	11.431677239410776	38.3893909497475	1.095325407103519E-6
77.0	38.807979142795	11.295702451615911	11.337287043965768	38.559031361623326	0.0
78.0	38.69525700380865	11.346379299591709	11.300192295147843	38.65816921027884	2.1911729605224915E-6
79.0	38.64817141641496	11.40692706343387	11.231231397734145	38.71367012241703	0.0
80.0	38.45959927056676	11.537356127105095	11.164601672017858	38.83843818111058	4.749199695919703E-6
81.0	38.50232345219442	11.525864280160258	11.150284967313613	38.82152730033172	0.0
82.0	38.481607196958684	11.495360324569562	11.126431701409171	38.89660004611064	7.309519433123085E-7
83.0	38.36755482476246	11.463890371326201	11.125297351384843	39.04325452810635	2.9244201452424962E-6
84.0	38.40786472337894	11.383709872560017	11.120255098679511	39.08817030538153	0.0
85.0	38.43740486024546	11.306283043697322	11.049859229595068	39.20645286646215	0.0
86.0	38.65715460625666	11.297605965514641	11.000609438317824	39.044629989910874	0.0
87.0	38.9197744915523	11.264673504593874	11.00681049589261	38.808741142129065	3.658321480524166E-7
88.0	38.932775594682106	11.322519810417745	11.085241210879504	38.65945350437992	9.879640727962667E-6
89.0	39.03338686181313	11.308836260358527	11.16138051944371	38.496321327353265	7.503103137055473E-5
90.0	38.99213504707374	11.31144439327537	11.146876702962036	38.54949552948062	4.832720823800822E-5
91.0	38.86217636797527	11.272681872263007	11.148975096089062	38.71615164782535	1.5015847304068509E-5
92.0	38.51565451752399	11.32164230738896	11.092388301274541	39.07031011107495	4.762737560586785E-6
93.0	38.502211974581826	11.322618827210036	11.071234391612805	39.10149041306659	0.002444393528741157
94.0	38.6621293755048	11.284152413732894	11.067229671443968	38.98453028435797	0.0019582549603675884
95.0	38.8712076895253	11.27129930814667	11.155831464198197	38.70056553212934	0.0010960060004953477
96.0	39.14370473163307	11.1928723316675	11.22204846061671	38.44133999803732	3.447804539852613E-5
97.0	39.42616273465948	11.0540615200565	11.222133680111511	38.29764206517252	0.0
98.0	39.33630191541026	11.051227731982475	11.251365479781445	38.36109679816747	8.074658349827292E-6
99.0	39.017882412395174	11.179119890943555	11.28203709608284	38.52095986623708	7.343413448493134E-7
100.0	38.5930939025018	11.33745954363225	11.1886933330614	38.88075322080455	0.0
101.0	38.26992617068629	11.474335351089948	11.085271059395167	39.170462272937414	5.145891179199673E-6
102.0	38.24114949542497	11.467666483438789	11.035409477672253	39.25576865835777	5.885106218884432E-6
103.0	38.39382177507345	11.384230138330095	11.003785983038373	39.21816210355808	0.0
104.0	38.60815485467477	11.290545775384036	10.970817625036384	39.13048027182903	1.4730757728596998E-6
105.0	38.9010072339948	11.192419797455987	11.05408967315669	38.85247371594816	9.579444375204303E-6
106.0	38.97514540661722	11.183283709639307	11.139791520954718	38.69953158444653	0.002247778342220714
107.0	38.83044328398386	11.253265604787073	11.23108379386981	38.683055777217746	0.0021515401415082777
108.0	38.5518668812653	11.378803857647833	11.201682051082527	38.86697452595313	6.726840512087394E-4
109.0	38.34731146832893	11.441521947668688	11.138006917909712	39.07307474271901	8.492337365840962E-5
110.0	38.25442485336784	11.471036911229387	11.08533826026694	39.18918999813519	9.977000648586336E-6
111.0	38.36417009716783	11.477977766033737	11.065201319231695	39.09261160993696	3.920762978108287E-5
112.0	38.35355890663866	11.50025067674425	10.974823006226387	39.171314448819835	5.296157085826526E-5
113.0	38.20902169142549	11.53114287180915	10.954278229453157	39.303813001756325	0.0017442055558785704
114.0	38.286125777003086	11.462700836553738	11.012163589730427	39.238818806865396	1.9098984735500593E-4
115.0	38.47479990856476	11.347109744232794	11.055857254323088	39.120858728480556	0.0013743643987980635
116.0	38.57950631279555	11.215349014843094	11.079796167701653	39.12529334566892	5.5158990778158405E-5
117.0	38.633390708570964	11.157613308317792	11.090699565743018	39.118295670821354	7.465468707788023E-7
118.0	38.65679165157234	11.14032323279539	11.067346943545276	39.13553480653945	3.365547544202026E-6
119.0	38.62438680161819	11.198925158281387	11.086798696338924	39.0898889689722	3.747892915863237E-7
120.0	38.45049384811586	11.297442640518222	11.136222085694628	39.11583766731853	3.7583527557800247E-6
121.0	38.29803529438721	11.388678872394628	11.158634440212097	39.15464573822447	5.6547816000071835E-6
122.0	38.25677085759146	11.423660796487239	11.202588118636365	39.1166572162618	3.2301102312561487E-4
123.0	38.39745560875771	11.3364260132044	11.223367389757565	39.042750988280325	0.0
124.0	38.77793411007925	11.153647236980765	11.234397087853807	38.834021565086175	0.0
125.0	39.06891461005396	11.052900764334547	11.292049760584206	38.58613409891575	7.66111543136307E-7
126.0	39.312974539595054	11.023864841427903	11.298255845559611	38.36229583655804	0.0026089368593913906
127.0	39.37197039997361	11.12444761644708	11.24408184162704	38.25780209910402	0.0016980428482445762
128.0	39.46169008678913	11.468949061113875	10.982948491826809	38.08626459857352	1.4776169666367501E-4
129.0	36.42639476095239	10.1206832537659	13.041232491475995	40.411680663404496	8.830401217005896E-6
