#Position (bp)	Coverage	Std
3874904.0	14.652319470665528	9.347907145383545
1.1624711E7	15.009893923809974	7.1999540589244075
1.9374518E7	16.24503190853656	8.514946716885134
2.7124325E7	15.8244428538672	8.490074384742497
3.4874132E7	15.389250725856785	7.444089762100908
4.2623939E7	15.34065648344533	7.473714819179217
5.0373746E7	14.14336344117989	6.81180231302184
5.8123553E7	14.207656139049657	6.85246504797673
6.587336E7	13.071060737383524	6.352761391074344
7.3623167E7	11.467955524569838	6.670300608708588
8.1372974E7	11.387991081584355	6.52726997038633
8.9122781E7	12.840047113431341	7.62963957885654
9.6872588E7	12.436508160783875	6.901709384178422
1.04622395E8	10.463782259351749	6.829702770220833
1.12372202E8	14.213531511171826	7.031993895599597
1.20122009E8	13.798280266850517	28.73537306971442
1.27871816E8	5.616868910412866	110.51518858751196
1.35621623E8	0.0	0.0
1.4337143E8	6.262204723291819	59.915477714745386
1.51121237E8	12.432159149253652	8.25173346076573
1.58871044E8	14.787932009145518	8.295897195280856
1.66620851E8	13.309059309476996	6.869022792034139
1.74370658E8	13.090740324242914	6.305459298219778
1.82120465E8	13.546438511307443	7.322164597283064
1.89870272E8	10.591861965078614	6.672148069149237
1.97620079E8	11.640324333238235	7.35216117864393
2.05369886E8	15.333525725221286	7.721868226721033
2.13119693E8	13.05641417908859	6.362479075166976
2.208695E8	12.808836658770986	7.705878363183066
2.28619307E8	14.602731526088327	7.9664325003145695
2.36369114E8	13.190372224753467	7.067228680956113
2.44118921E8	12.957244225565875	7.935820819465663
2.484751235E8	11.05888543296371	7.072027477607258
2.52350027E8	13.270668989270847	7.00023738578939
2.59618535E8	14.210321108641802	7.13664786067447
2.67368342E8	13.332340018274003	7.01289845635826
2.75118149E8	14.32939504170878	7.135550993079373
2.82867956E8	12.783325829920667	7.650398100694327
2.90617763E8	13.443390267654408	7.291317395179858
2.9836757E8	12.618664051891873	7.427531552510416
3.06117377E8	12.529133693264878	7.118610223188243
3.13867184E8	13.450305665676577	7.125923508282466
3.21616991E8	14.152417215035161	6.930709275280835
3.29366798E8	10.946092076873656	7.254297116673228
3.37116605E8	11.170148237239973	21.031637653929714
3.44866412E8	10.531076709394183	9.59702512951382
3.52616219E8	13.581043760186544	7.610816110134732
3.60366026E8	11.977592732309335	8.884821986576336
3.68115833E8	13.210135168527422	6.889846758048199
3.7586564E8	12.595373149292621	7.780314372330808
3.83615447E8	12.72739746938214	7.602635633084723
3.91365254E8	11.322823781289005	6.360092837633582
3.99115061E8	12.192911642831879	6.398331165060684
4.06864868E8	11.92908584691206	7.575458166068095
4.14614675E8	11.639027913856435	7.015911483254567
4.22364482E8	13.190003570411495	6.59378927980364
4.30114289E8	11.56510955692187	6.853815082012471
4.37864096E8	11.357941688096233	6.5302099281856245
4.45613903E8	11.540924696576315	6.927740391864309
4.5336371E8	13.266175789926123	6.697135905545739
4.61113517E8	11.265493063246607	6.271996463774008
4.68863324E8	14.018622786348098	6.554162240298866
4.76613131E8	12.97933664670617	7.951033288529101
4.84362938E8	15.183450245922254	7.089172293268129
4.896938965E8	15.635576609400058	8.454737559275594
4.935688E8	11.966619240518783	7.570032415224463
4.99862552E8	13.924587670376823	8.117604229686975
5.07612359E8	14.205173367543217	7.1086108505762216
5.15362166E8	12.12235285343235	6.146327495415132
5.23111973E8	12.642760522939474	7.3311916652214615
5.3086178E8	14.349719676890018	7.3025027262942075
5.38611587E8	15.261167665207662	7.271731297323545
5.46361394E8	14.42526917121936	7.419202962170016
5.54111201E8	13.17577999039202	6.39989488845473
5.61861008E8	13.226363830737979	6.626181150083943
5.69610815E8	10.901087859349271	7.419167969195411
5.77360622E8	10.258145009288619	6.010356975147493
5.85110429E8	7.932635483696561	38.397369353925626
5.92860236E8	11.553204873360071	6.863794629546717
6.00610043E8	12.139083205555957	6.283491746327915
6.0835985E8	12.27408514818498	6.469006591461963
6.16109657E8	14.918350869899083	8.468652073779179
6.23859464E8	13.935371680868956	8.198042253501987
6.31609271E8	13.496619464200851	7.295336856485712
6.39359078E8	11.754422013348204	7.314544247426641
6.47108885E8	12.360581366735971	6.65977730963863
6.54858692E8	10.902349181082831	7.346355471275852
6.62608499E8	12.33336391474007	6.667632720731738
6.70358306E8	11.972607446869322	7.591213655521624
6.78108113E8	13.914713488993984	8.12775855042536
6.857142635E8	13.604131541010284	8.153067882141057
6.89589167E8	11.920069749715466	9.464082284107144
6.93607727E8	15.704887489456189	8.199687581232954
7.01357534E8	13.232663213419379	7.375224856327188
7.09107341E8	12.018382393264762	5.996038453771632
7.16857148E8	11.82724924633607	7.446408821905151
7.24606955E8	11.29176829822988	6.559572246101987
7.32356762E8	11.974600270690612	7.682525072883167
7.40106569E8	9.828762187238986	14.56692295837115
7.47856376E8	11.438337625698292	6.78522216407891
7.55606183E8	10.278147700968553	6.157088960054368
7.6335599E8	12.471642842202392	6.956071005186755
7.71105797E8	12.386117615574168	6.788204688176609
7.78855604E8	11.6218314856099	7.039016020999077
7.86605411E8	11.469360204712196	6.62274411620604
7.94355218E8	11.845190080217481	7.36980690964634
8.02105025E8	11.304895334812855	6.392991898660902
8.09854832E8	11.517718828352757	6.8176945949747925
8.17604639E8	10.869527202419363	7.221672520450849
8.25354446E8	10.687472604156465	6.953423956493439
8.33104253E8	12.332454988879078	6.618947206210744
8.4085406E8	12.529139757932036	7.035110803238784
8.48603867E8	10.983801274018823	7.375339461685681
8.56353674E8	11.520184954283378	6.845863362297055
8.64103481E8	11.03214080040961	5.846590561431345
8.71853288E8	12.238762591120011	6.637344460121869
8.776941285E8	11.371474518257706	8.231559333996225
8.81569032E8	14.636457737734004	8.201967245429227
8.87352902E8	13.19156309311961	6.6704464473809315
8.95102709E8	12.004226169761388	6.2587581805113714
9.02852516E8	9.991657469663439	7.094431699947919
9.10602323E8	11.722410119374585	7.758470038854455
9.1835213E8	12.7033197084779	7.322296686181062
9.26101937E8	7.136835149572112	11.474747293731923
9.33851744E8	12.651613259530205	7.388616145152542
9.41601551E8	12.318491157263658	6.626271020048109
9.49351358E8	10.483488298482788	8.227966612685517
9.57101165E8	13.464465244102207	7.15948079596961
9.64850972E8	11.196399213554608	6.213783024568267
9.72600779E8	11.852095800579292	7.338678849616363
9.80350586E8	10.827765517257397	7.109902374787992
9.88100393E8	11.311359753862257	6.489188777246008
9.958502E8	12.165993295058831	6.284401018839809
1.003600007E9	12.01989301152919	6.024203646139111
1.011349814E9	13.382145129549677	7.295241175919619
1.019099621E9	14.557682920361758	7.677845608590199
1.026849428E9	13.56334331938847	7.5342131855662
1.034599235E9	13.412562274131473	7.1000134135880675
1.042349042E9	11.828300369286616	7.355527489520291
1.050098849E9	14.579769922012252	7.7176388789144665
1.0575860385E9	13.940925773872832	9.01220436714473
1.061460942E9	15.131299323160109	14.184491064614056
1.065598463E9	14.626286822368609	7.732717941576728
1.07334827E9	13.776905928108919	7.87956144092592
1.081098077E9	13.08305419734969	6.292226953632677
1.088847884E9	13.423788489184311	7.413579845775288
1.096597691E9	15.180978958572775	7.19523763546519
1.104347498E9	15.149936766167208	7.034306045256526
1.112097305E9	12.242631203589973	6.570856476779615
1.119847112E9	8.765347059610646	12.152690028827218
1.127596919E9	10.394966352065284	6.302432823531977
1.135346726E9	11.565698087707217	6.8848434039985085
1.143096533E9	11.718564604254016	7.109084066421467
1.15084634E9	12.051824645439558	6.115284221108913
1.158596147E9	10.870264123996895	7.21315581882076
1.166345954E9	12.095286889079947	6.438655750944378
1.174095761E9	12.476049790659303	7.0140296452190425
1.181845568E9	11.430183229079125	6.5893264221817125
1.189595375E9	11.949489451801831	7.526431300196245
1.197345182E9	13.115371905390676	6.360748318828845
1.205094989E9	12.114615499456955	6.227516927829756
1.212844796E9	13.226364992057222	6.695386392689076
1.220594603E9	13.62025996260294	7.620852199708226
1.228236905E9	13.278227270091019	7.369797344773358
1.2321118085E9	14.555588112180828	9.930867260836106
1.236094217E9	14.66045218932549	8.072618628298303
1.243844024E9	10.909437099530349	7.158772059664968
1.251593831E9	12.203695524288541	6.3440875472667475
1.259343638E9	13.999734444999728	8.277476869022347
1.267093445E9	13.174897645838149	6.68392539916803
1.274843252E9	13.49931204738389	7.289491874689436
1.282593059E9	12.478167778887913	7.225576591156789
1.290342866E9	7.310747996692046	9.554765935625392
1.298092673E9	12.201085910913653	7.165555392296404
1.30584248E9	12.496567850012266	8.132261367039336
1.313592287E9	10.866939396039154	7.100290861167639
1.321342094E9	11.656113758703926	7.036472263165352
1.329091901E9	12.991509982119554	7.989537599872236
1.336841708E9	13.227593022639144	7.113013832708974
1.344591515E9	11.218566475268352	6.1830699699011165
1.352341322E9	11.310648252272605	6.363058863562434
1.360091129E9	13.026264266968196	6.448422866510907
1.367840936E9	13.405174993390158	7.064109231029688
1.375590743E9	12.228513948798984	7.232992991564909
1.38334055E9	13.832461505170388	8.179631160772107
1.389282865E9	14.595733602139681	7.844605201081381
1.3931577685E9	12.004473602096164	7.287271680074336
1.398840164E9	12.088205680476946	7.957096340790038
1.406589971E9	11.80635233883889	8.53071200899466
1.414339778E9	14.397350024329638	7.372928262263359
1.422089585E9	13.265404157806769	6.885267718307336
1.429839392E9	12.901744004721666	7.9022180544426455
1.437589199E9	10.25611360386136	8.387107566394851
1.445339006E9	12.284435470457522	6.729019647554914
1.453088813E9	12.363180915344085	6.733140959905107
1.46083862E9	12.487951377369784	6.965798444966056
1.468588427E9	11.551620317770494	6.8926249047165316
1.476338234E9	10.781172098866461	7.89667042108354
1.484088041E9	12.1660820714632	6.290722873755166
1.491837848E9	13.30311541951948	6.874485729982511
1.499587655E9	11.600300755876889	6.960577059681462
1.507337462E9	11.518685562104967	6.789676967418482
1.515087269E9	13.670963031724533	7.6012893258012655
1.522837076E9	14.423746165549671	7.360700516479034
1.530586883E9	14.389086205630669	7.479270460549875
1.5354753495E9	15.89596009325518	9.517373044850146
1.539350253E9	12.87775624746513	7.755461524740975
1.546086497E9	11.406283795196448	6.593609387074014
1.553836304E9	12.493906880519734	6.893861106314374
1.561586111E9	11.441932424897807	6.6075360620727075
1.569335918E9	12.631093909822528	7.586105082108414
1.577085725E9	8.095387020605804	9.323804997438778
1.584835532E9	0.4605091455825932	3.187126473003034
1.592585339E9	0.0	0.0
1.600335146E9	3.398567086896487	7.175898875921626
1.608084953E9	11.61741924669866	7.660370457530362
1.61583476E9	12.675113457664171	7.367599034066239
1.623584567E9	13.976247537519322	8.245702484838272
1.631334374E9	14.42077576899657	7.465676073869672
1.639084181E9	12.36694049284066	6.924714603857157
1.646833988E9	14.155946077108759	6.8795076833589635
1.654583795E9	13.804763783149696	7.886985952597554
1.662333602E9	15.487168906270828	7.792122187336505
1.670083409E9	16.679288529378862	8.451363731382143
1.674420971E9	12.21296485420672	8.957287242612306
1.6782958745E9	13.811356892602964	8.05965740297978
1.685583023E9	13.626426696819676	7.519882547866856
1.69333283E9	12.715319491182168	7.359116305840786
1.701082637E9	13.204633096024198	6.614923442289236
1.708832444E9	13.141943534851901	6.539060231844329
1.716582251E9	10.8011892425192	19.475113910145744
1.724332058E9	12.049488458228701	7.9319067765983
1.732081865E9	11.095823160499352	5.938062617618934
1.739831672E9	11.910810811159555	7.516334372461456
1.747581479E9	15.278643068143504	7.401215219760732
1.755331286E9	13.737290231872871	8.197140731014331
1.763081093E9	12.91114540013706	7.965667808787851
1.7708309E9	14.008739443446785	6.474431062051182
1.778580707E9	13.946686801361635	8.24076250513786
1.786330514E9	13.493196540249325	7.31590991716721
1.794080321E9	13.809570612532674	7.947571263259625
1.801830128E9	15.0549467877071	6.8305253056636
1.8071930415E9	14.950440521233057	9.584431080891584
1.811067945E9	14.821997504287477	9.441262635353263
1.817329742E9	14.091899449883075	6.8538211348290785
1.825079549E9	13.91384495123556	8.107775798207387
1.832829356E9	11.253348244672416	6.318846771775566
1.840579163E9	12.979179223430984	7.998558035752772
1.84832897E9	11.589410162085327	6.971726974097792
1.856078777E9	13.321762851642628	7.82470240276527
1.863828584E9	8.89828920900869	9.630193780531302
1.871578391E9	15.517659601071356	7.932061808176492
1.879328198E9	15.817531326909174	8.63610684683342
1.887078005E9	13.82364967282411	8.104521962558247
1.894827812E9	11.711582236822156	7.389461987492762
1.902577619E9	12.090669225698138	6.517506986612267
1.910327426E9	11.284539989189408	6.359887628312761
1.918077233E9	12.746304262802932	7.444204667961261
1.92582704E9	15.243996656949005	7.211765385812952
1.933576847E9	14.203121832582411	6.9317933778149206
1.940609712E9	14.261433839519576	6.9205913080941865
1.9444846155E9	14.273753664871077	7.798272093126925
1.949076461E9	15.161324146523906	7.215883602812758
1.956826268E9	12.776509144034167	7.701039544908911
1.964576075E9	11.417001997598133	6.59365709801999
1.972325882E9	13.011369702497108	6.1771723606221585
1.980075689E9	9.360405233317424	8.136284238940105
1.987825496E9	12.345551573090788	6.738479885748674
1.995575303E9	14.75114644790509	8.14136289918255
2.00332511E9	12.67549682204989	7.5076313635422665
2.011074917E9	12.865855627114327	7.655189900284222
2.018824724E9	11.319440987369104	6.394937925291769
2.026574531E9	10.654610753532314	6.74328129245045
2.034324338E9	12.05578848608746	6.153676356952624
2.042074145E9	12.593996082741157	7.10235924089208
2.049823952E9	14.391573364343138	7.2769580594737935
2.057573759E9	14.976557351686306	8.381127647257017
2.065323566E9	15.211847985375636	7.008088882821138
2.073073373E9	14.117392342802859	6.736596562680948
2.0769956295E9	12.826716364327497	10.69581854207758
2.080870533E9	0.0	0.0
2.088572987E9	0.0	0.0
2.096322794E9	10.969292138500997	15.261041225967238
2.104072601E9	13.91243730327736	8.084555235329193
2.111822408E9	12.236290400522233	6.463852639334072
2.119572215E9	13.529694997565747	7.3098120591611835
2.127322022E9	13.098748910779326	6.516198931038903
2.135071829E9	10.482590985814227	6.5447032885378835
2.142821636E9	10.008979965565594	5.569518144093477
2.150571443E9	11.568182665710255	6.867478950659358
2.15832125E9	10.945920072590194	7.322676991272587
2.166071057E9	10.280627504659149	6.180920083175876
2.173820864E9	13.078014587976192	6.363114873480192
2.181570671E9	11.589269900527846	6.90689683468128
2.1884264425E9	14.101725068000327	7.361733048019645
2.192301346E9	0.0	0.0
2.197070285E9	0.0	0.0
2.204820092E9	0.1472810871290085	2.15227741447106
2.212569899E9	10.877326622456533	9.62462359040901
2.220319706E9	11.378106706399269	6.51489902057742
2.228069513E9	12.165816258391983	6.3112817534596415
2.23581932E9	10.328821479038123	6.149172016407203
2.243569127E9	13.072766973422693	6.328640805785144
2.251318934E9	12.88712299545008	7.741857930866172
2.259068741E9	14.38841018879567	7.307687093978267
2.266818548E9	14.598385998515834	7.666480006169524
2.274568355E9	11.46749654539784	6.678276653112254
2.282318162E9	14.586335891977697	7.777360577704498
2.290067969E9	14.926616882201067	8.374974188171544
2.2961969505E9	14.769920339934998	9.107895233982216
2.300071854E9	0.0	0.0
2.305567583E9	0.0	0.0
2.31331739E9	0.2861422226385767	2.7097260217347956
2.321067197E9	7.343521199947302	8.123509041088683
2.328817004E9	11.79667016223759	8.489532263619289
2.336566811E9	13.219515660196441	6.865903874831015
2.344316618E9	13.0195176473427	6.398116483200296
2.352066425E9	12.982132974408266	7.957505688999663
2.359816232E9	14.31248107210928	7.087351910019294
2.367566039E9	15.092587079910507	7.090917418730209
2.375315846E9	15.164842943830731	7.301356858377905
2.383065653E9	13.029281761468383	7.116214131369861
2.39081546E9	14.265340543319336	7.110297333933853
2.3975662905E9	13.570573244731177	7.679880151276799
2.401441194E9	16.068234838357057	7.459098178872877
2.406315074E9	14.343694107479063	7.259515128286064
2.414064881E9	13.822390802764508	8.83586335113063
2.421814688E9	13.109385433727576	7.998075881989957
2.429564495E9	12.416156299118159	8.501563638954677
2.437314302E9	6.260923530095653	77.57878446127138
2.445064109E9	8.439711724433911	155.39207502045747
2.452813916E9	14.231519055893909	6.9535962942626925
2.460563723E9	12.629298897378993	7.558251705542347
2.46831353E9	13.972817774687808	8.498646577713076
2.476063337E9	13.468579411074366	7.264554026520514
2.483813144E9	15.4574591341436	7.726205712284434
2.489234305E9	15.699885368381398	9.131164193238597
2.4931092085E9	14.88943510520706	8.998790345991688
2.499312758E9	14.807974572786135	8.13766107916387
2.507062565E9	13.70158598788331	8.49850825130791
2.514812372E9	8.601771631216106	56.08447951886072
2.522562179E9	14.948311228911894	8.47363169938061
2.530311986E9	14.120772685048802	7.8555404810801255
2.538061793E9	15.10784165334698	8.007503627602885
2.5458116E9	13.384471251993759	7.1984229521745515
2.553561407E9	13.669719129779619	7.750320251618764
2.561311214E9	14.105330752107761	6.785764064166452
2.569061021E9	16.738334903049843	8.53744092778306
2.573486964E9	16.140021722580688	7.742042035785489
2.5773618675E9	12.712977576699888	10.92118069308012
2.584560635E9	13.722025851740566	7.732104621810105
2.592310442E9	4.743804845720674	7.64185850401521
2.600060249E9	12.575307230231669	7.255911424152299
2.607810056E9	12.268716756430193	6.647059193507213
2.615559863E9	12.00483263647727	5.971230624012451
2.62330967E9	13.948724013385107	8.354997882712395
2.631059477E9	12.8914629744973	7.764194838635238
2.638809284E9	11.392338286617976	6.70392811120763
2.646559091E9	11.828648506988626	7.489513778211123
2.6524226415E9	13.675718717298746	8.067341302968593
2.656297545E9	14.86307217496666	9.070539432735979
2.662058705E9	15.234312157709217	7.259571749270263
2.669808512E9	15.551327923392156	7.8422352115349625
2.677558319E9	8.652121788323244	8.891170155660236
2.685308126E9	14.220681108574704	7.602862602478708
2.693057933E9	14.840449058924952	8.468102097525176
2.70080774E9	14.911701026877186	8.777418860181536
2.708557547E9	14.503472409054831	7.720985925923291
2.7127306775E9	14.576114838696698	7.951389861125529
2.716605581E9	14.693795622835893	8.167612405709216
2.724057161E9	12.603827295312	7.187523091456613
2.731806968E9	13.73870123475333	7.747901874466545
2.739556775E9	10.40671670920321	11.597378092685707
2.747306582E9	15.11716046606064	8.268905270097536
2.755056389E9	14.828615344872459	8.208680533711725
2.762806196E9	15.414615099446992	7.5677532889758705
2.770556003E9	14.40372450565543	7.393010253579914
2.775951989E9	16.081391706235525	7.704550056915496
2.7798268925E9	0.0	0.0
2.786055617E9	5.09377639985099	15.472713943985898
2.793805424E9	10.290033158245102	7.1582285731345285
2.801555231E9	10.818287087665539	7.081684736675908
2.809305038E9	13.371203050605002	7.228563723503035
2.817054845E9	14.456406591802867	7.953321953779984
2.8225564015E9	14.794723890098258	9.309967938258339
2.826431305E9	0.0	0.0
2.832554459E9	1.7947276622501696	7.955897209686291
2.840304266E9	7.378481425408401	9.520025554052882
2.848054073E9	15.217102051702707	7.967386915266361
2.85580388E9	15.096046778971399	6.840870543728364
2.863553687E9	16.232278429643475	7.3934630500899665
2.8712150565E9	15.97108477931665	8.81993381555309
2.87508996E9	0.789704593639576	2.604847885929987
2.879053301E9	12.12166793314982	6.978695677406166
2.886803108E9	13.25981614767955	6.777480541577244
2.894552915E9	13.188237461913568	6.51831018330677
2.902302722E9	11.82979743882654	7.303463223845441
2.910052529E9	11.2430407621764	6.475130547663039
2.917802336E9	13.778927268769403	7.793731958404349
2.925552143E9	12.251301871130469	7.750942468246873
2.93330195E9	6.903526629759941	8.386086849410336
2.941051757E9	12.398981677866301	7.430352690428571
2.948801564E9	12.258673409544263	7.033551471784154
2.956551371E9	11.38068225440969	6.531193584562648
2.964301178E9	9.727432437994908	6.922531504497462
2.972050985E9	11.454067436776167	6.648649840886963
2.979800792E9	12.104748673095989	6.668864326918158
2.987550599E9	11.99307324685634	7.949379039875838
2.995300406E9	11.966283160341929	7.833002651680771
3.003050213E9	11.93501773657073	7.63189837672804
3.01080002E9	12.835031375620064	7.845857362580722
3.018549827E9	11.092370429353918	6.405376598109084
3.026299634E9	12.929925480724874	8.610264110242989
3.0306084775E9	10.816459648799373	10.206439672781052
3.034483381E9	0.10555110509018767	0.7196973163564491
3.041799248E9	0.25416529727772574	3.7567327056270234
3.049549055E9	0.011719130553831857	0.17299590747488708
3.057298862E9	0.012308048445593548	0.35332578294899214
3.065048669E9	0.0	0.0
3.072798476E9	0.0	0.0
3.080548283E9	0.0	0.0
3.0863465095E9	0.7159710043502834	6.383994445558756
3.088278117E9	13.679763413603718	7.830353927750282
3.088373929E9	11.508411642055353	11.500143121829835
3.0884774725E9	11.502716033966035	8.425960816685281
3.0885573295E9	6.042449209755486	4.219784588945194
3.0886546005E9	73.71690098713731	209.99494107405914
3.0887081185E9	8.208208880923936	7.723271311632553
3.0887493115E9	15.346955697701967	29.297833399983542
3.088858438E9	5.804110359400828	21.070969313257834
3.088966832E9	29.390992759847833	23.99610503429228
3.089008063E9	8.258599611669103	8.115199405722283
3.089109657E9	3.520663153135857	5.262118848892297
3.089267292E9	3.0432187465458163	4.707849160508395
3.08942189E9	4.944471257488884	9.856110684085598
3.089604443E9	10.719244286129827	19.320993952412906
3.089755642E9	13.876425465805005	12.067942318251829
3.0898220175E9	1.5136538365533423	3.172565835460391
3.0898610755E9	3.648709728280864	11.11178549777428
3.089968525E9	7.8894964516949875	12.04980287978195
3.0900764725E9	15.450832266325223	12.872583497102855
3.0901461555E9	0.9352745324773715	2.9638742921066443
3.090297168E9	15.57772831157757	13.889719821280831
3.090503609E9	30.93183787700132	42.50918571819244
3.0907062205E9	13.894692089667611	10.724090256373671
3.09089898E9	17.75093618288078	17.391194624303065
3.091013772E9	19.79189295552932	14.307735486995844
3.091052607E9	17.58346605991657	20.675718839095676
3.0911587895E9	6.0858688733290895	7.407515143230398
3.091267064E9	0.46699741649328974	1.643610770885877
3.0915130575E9	0.540825614392033	2.0182304356750422
3.0919550875E9	0.3792873991537635	4.266128751506213
3.092891467E9	3.2695179432505164	8.363719261931907
3.093702736E9	31.01404162917383	30.161602057684917
3.093935951E9	11.645291430321286	25.008400697959114
3.094132646E9	4.939911684480813	8.423495859449222
3.0942642985E9	1.7566300065006566	4.567917928954016
3.094360447E9	30.735358544159062	19.66511141309012
3.0944711045E9	22.05199919898538	80.05087602920247
3.0946435155E9	2.8889790972432596	5.916467911491856
3.094747446E9	24.59902828712247	15.595043051537532
3.0948598115E9	9.293887423043095	9.611896270354215
3.0950026905E9	5.4341281611741366	7.505840480979563
3.095104297E9	14.511245283018868	8.421858950142814
3.095190977E9	2.8804622558626747	6.573886957321939
3.0952465895E9	0.0	0.0
3.0952663465E9	11.144239226033422	14.150528860027446
3.095268566E9	69.70069284064665	81.57963847305845
3.0952706195E9	68.44799176107107	101.11124330232579
3.0952723265E9	13.904891304347826	16.457826537785177
3.0952838005E9	6.540137828273421	21.418066277027027
3.0952967465E9	38.84850543478261	28.148223101434237
3.095299555E9	187.80099916736054	227.41866083046423
3.0953008775E9	4.60387811634349	5.7804954306549465
3.0953027375E9	6.9178383128295255	11.79385023388001
3.0953043745E9	10.308617234468938	15.01512263738233
3.095311073E9	8.399790305669812	26.752329846009538
3.0953361175E9	1.54929689572831	10.264991237444011
3.095355552E9	13.591178965224767	10.548124700173751
3.0953574645E9	38.34467120181406	38.31986848207793
3.095360032E9	2.4921655283246285	5.464263534483569
3.095361791E9	2.5160349854227406	2.9811523264321202
3.095363378E9	6.7006993006993	6.0420052553624535
3.095365611E9	16.984920292977165	13.171408330733179
3.0953678415E9	1.0462616822429907	2.7219255141669283
3.095369933E9	12.411649534997553	7.55275134394322
3.095371677E9	18.602076124567475	15.414862733076307
3.09537289E9	5.957186544342508	5.814933848075347
3.0953743225E9	1.1008492569002124	3.5099192168346103
3.095375945E9	30.463629684055842	19.86588020147308
3.095572656E9	20.889713590487194	16.41497531061993
3.095769303E9	217.54257907542578	205.2562341428421
3.0957708065E9	60.42841037204059	61.29835366749243
3.0957736535E9	239.0530612244898	295.4826465086488
3.095822105E9	18.783250701741178	14.192022228700717
3.095924849E9	210.63326963246078	1188.395596684048
3.095983129E9	28.586189889025896	12.963555098396013
3.095986364E9	32.834782608695654	16.675542150231305
3.0959887305E9	44.31363244176014	19.42356316094261
3.0959909825E9	39.7772186642269	15.575789386242182
3.095993051E9	47.3070220399795	20.491462887157823
3.0959946765E9	39.105384615384615	24.605596611652896
3.096006671E9	12.876327735907267	14.593723749802148
3.0960870785E9	16.27546587898006	13.31582386366067
3.0961589785E9	10.672012689460697	8.183931572827358
3.096165879E9	18.831303063861203	13.885134967035324
3.096173123E9	48.236598019179375	22.25271807487471
3.09617898E9	45.917616289930876	20.967634493311262
3.096183283E9	42.861973562865046	35.01665318980124
3.096185859E9	8.269615587151133	11.639168677301807
3.0961883E9	0.6563861884009387	1.7840128861290836
3.0961908755E9	4.654520295202952	5.087019513199775
3.096192456E9	0.0	0.0
3.096238607E9	17.974996988248694	29.90150902605564
3.0962848625E9	25.742928452579037	20.014325152611963
3.096286263E9	0.0	0.0
3.0962877625E9	25.6	15.576676704061656
3.096289947E9	12.108454024924217	9.496715498228552
3.096292208E9	28.11912427559562	12.893965504307497
3.0962965075E9	1.6534203803576497	5.173981282939452
3.096315547E9	1.0219766055489319	2.2891826137905134
3.0963533005E9	6.379120384944012	12.134328025294359
3.09637788E9	61.52230522945571	29.612578451755354
3.096382479E9	39.05517394194549	13.532760555143728
3.0963879875E9	6.715867158671586	8.851150542650334
3.0963943185E9	39.954693082169534	19.94269152125784
3.096398918E9	30.95692206511016	14.809732661977298
3.0964033365E9	42.055728088336785	20.074666523378284
3.0964070605E9	150.1319612590799	215.18727555160422
3.0964084065E9	8.926923076923076	9.364725138682763
3.0964096105E9	0.0	0.0
3.096411644E9	11.970359392367543	19.324312349873665
3.0964135175E9	0.49427480916030536	0.8403016543057663
3.0964147555E9	0.18347338935574228	0.5881652619376123
3.0964161835E9	0.1792717086834734	0.5976143046671968
3.0964174105E9	24.383040935672515	36.90169227538927
3.096418484E9	120.9964317573595	102.67095358513178
3.096419946E9	9.01885745978924	7.252784574360762
3.096422275E9	0.9947460595446584	2.6316143420976696
3.0964254675E9	8.608498583569405	7.370525482782844
3.0964313925E9	3.794951923076923	5.8475011099416845
3.0964360765E9	2.467557251908397	3.7132422408094112
3.096437123E9	0.0	0.0
3.0964382945E9	5.36517719568567	3.8114255287048264
3.096440137E9	1.5169669040636782	2.22319719802708
3.096442099E9	2.18672739102147	2.909723899016895
3.096443439E9	11.94750656167979	9.969287921526401
3.0964449505E9	5.920212765957447	4.6987436075361355
3.0964464985E9	2.7672697368421053	3.7170703305298467
3.0964475915E9	4.792783505154639	5.739086460584285
3.0964489705E9	2.6073825503355703	3.7745468045075747
3.0964506065E9	9.55121293800539	10.321907719784228
3.0964522235E9	3.990285714285714	4.060330739519346
3.0964537525E9	2.373853211009174	2.968360166743703
3.0964552355E9	12.281061519903497	18.88323590678299
3.09645655E9	9.515962924819773	8.601068120386822
3.0964580005E9	0.6678756476683938	1.08427287543025
3.0964594605E9	3.1202020202020204	5.46984386607076
3.096462063E9	3.1212336892052193	4.8633278005264735
3.0964647385E9	0.22887323943661972	0.47840698096559975
3.0964666345E9	0.677710843373494	2.5557046985174354
3.0964687875E9	0.0	0.0
3.096470338E9	0.0	0.0
3.0964722525E9	0.10849453322119428	0.43307339468134526
3.096474844E9	0.835650623885918	2.404615288992616
3.0964802425E9	25.72047047047047	13.246625913722262
3.0964880595E9	12.041742999214865	6.681661144924034
3.0965833285E9	12.04779218791007	15.812702461547593
3.0967643755E9	8.286437348631123	13.976363512712306
3.0969348755E9	10.454846046402393	59.23797170107376
3.097105623E9	24.322566822302484	87.79146537891073
3.0972741855E9	0.25971212968138624	2.1739940348399043
3.0973604055E9	19.107142857142858	18.080692664501132
3.097450029E9	1.7762711658010581	4.142291621126072
3.0976374775E9	12.326728631241158	10.781514027562343
3.0978270425E9	21.75328838026497	63.368317267885594
3.097932224E9	3.6777112028836743	6.203190949205481
3.0979864125E9	19.481093764100713	14.645292186246323
3.098119023E9	2.2533524542732786	4.916279488634221
3.098265051E9	0.5431146258612746	2.0883472311374427
3.098391091E9	11.048589371311232	9.284657450666424
3.0985448955E9	9.630070540812898	11.883714930563176
3.0986946915E9	12.891503363362567	23.160505823454617
3.098783935E9	0.0	0.0
3.0988292795E9	5.3163288002033555	7.489269564996544
3.098880847E9	15.122763802841432	25.004386666970582
3.098919304E9	5.181466655774311	7.181242377375834
3.0989774605E9	2.553021736399045	5.591340252104217
3.099052881E9	18.966779413622266	27.147750124777886
3.0991573655E9	17.67742052600241	70.93744238567469
3.099319594E9	10.183732375133207	18.616453446694653
3.0995012675E9	16.565823745243705	18.20339300629075
3.099670145E9	20.426976611416904	13.627756382109544
3.09983663E9	0.0015073651373797455	0.053890178744067464
