#Insert size (bp)	insert size
20.0	39.0
21.0	60.0
22.0	131.0
23.0	146.0
24.0	253.0
25.0	372.0
26.0	481.0
27.0	713.0
28.0	980.0
29.0	1484.0
30.0	1926.0
31.0	1867.0
32.0	1734.0
33.0	1824.0
34.0	1973.0
35.0	2161.0
36.0	2561.0
37.0	2971.0
38.0	3844.0
39.0	4941.0
40.0	5667.0
41.0	5700.0
42.0	5255.0
43.0	5099.0
44.0	5174.0
45.0	5401.0
46.0	5610.0
47.0	6083.0
48.0	7058.0
49.0	8954.0
50.0	10457.0
51.0	9558.0
52.0	8518.0
53.0	8163.0
54.0	8198.0
55.0	8589.0
56.0	9149.0
57.0	9699.0
58.0	11714.0
59.0	16233.0
60.0	20402.0
61.0	20265.0
62.0	15590.0
63.0	11959.0
64.0	10781.0
65.0	11110.0
66.0	11691.0
67.0	12508.0
68.0	14440.0
69.0	18885.0
70.0	25917.0
71.0	31649.0
72.0	31324.0
73.0	24543.0
74.0	19207.0
75.0	17352.0
76.0	17597.0
77.0	19497.0
78.0	22638.0
79.0	27422.0
80.0	32560.0
81.0	35754.0
82.0	36745.0
83.0	35962.0
84.0	32711.0
85.0	30436.0
86.0	30510.0
87.0	32090.0
88.0	35619.0
89.0	41598.0
90.0	49760.0
91.0	57511.0
92.0	57409.0
93.0	50264.0
94.0	45071.0
95.0	44295.0
96.0	47370.0
97.0	50463.0
98.0	54603.0
99.0	63712.0
100.0	81100.0
101.0	106047.0
102.0	123650.0
103.0	119680.0
104.0	95833.0
105.0	79031.0
106.0	78065.0
107.0	84631.0
108.0	94171.0
109.0	106912.0
110.0	128396.0
111.0	164839.0
112.0	219016.0
113.0	272301.0
114.0	285096.0
115.0	259352.0
116.0	235676.0
117.0	249986.0
118.0	294276.0
119.0	358801.0
120.0	419961.0
121.0	418852.0
122.0	433862.0
123.0	452301.0
124.0	498335.0
125.0	539781.0
126.0	567352.0
127.0	631513.0
128.0	803509.0
129.0	1083040.0
130.0	1095778.0
131.0	912266.0
132.0	965616.0
133.0	982048.0
134.0	989114.0
135.0	1007994.0
136.0	1112056.0
137.0	1228994.0
138.0	1347457.0
139.0	1485907.0
140.0	1594587.0
141.0	1683739.0
142.0	1796478.0
143.0	1993145.0
144.0	2281559.0
145.0	2537791.0
146.0	2636823.0
147.0	2623004.0
148.0	2550207.0
149.0	2453740.0
150.0	2328849.0
151.0	2215430.0
152.0	2129069.0
153.0	2093252.0
154.0	2088774.0
155.0	2083218.0
156.0	2049195.0
157.0	1971674.0
158.0	1849990.0
159.0	1715464.0
160.0	1582827.0
161.0	1456000.0
162.0	1347121.0
163.0	1260710.0
164.0	1194263.0
165.0	1143640.0
166.0	1101332.0
167.0	1056079.0
168.0	1001469.0
169.0	937874.0
170.0	864021.0
171.0	791655.0
172.0	723907.0
173.0	662837.0
174.0	612961.0
175.0	573147.0
176.0	539315.0
177.0	510641.0
178.0	483694.0
179.0	454540.0
180.0	424706.0
181.0	393628.0
182.0	363045.0
183.0	333213.0
184.0	306864.0
185.0	284167.0
186.0	265373.0
187.0	247520.0
188.0	234038.0
189.0	220341.0
190.0	207174.0
191.0	193299.0
192.0	179773.0
193.0	166948.0
194.0	152878.0
195.0	142952.0
196.0	133845.0
197.0	124933.0
198.0	118654.0
199.0	112743.0
200.0	107500.0
201.0	101017.0
202.0	95403.0
203.0	88931.0
204.0	83960.0
205.0	78969.0
206.0	74012.0
207.0	69777.0
208.0	67736.0
209.0	65782.0
210.0	63351.0
211.0	61558.0
212.0	58927.0
213.0	56071.0
214.0	54826.0
215.0	52661.0
216.0	50916.0
217.0	49428.0
218.0	48733.0
219.0	49200.0
220.0	49451.0
221.0	49429.0
222.0	48839.0
223.0	48480.0
224.0	47802.0
225.0	47482.0
226.0	47688.0
227.0	47575.0
228.0	47915.0
229.0	47977.0
230.0	49535.0
231.0	50811.0
232.0	51631.0
233.0	52359.0
234.0	52693.0
235.0	53370.0
236.0	54419.0
237.0	54197.0
238.0	55404.0
239.0	56145.0
240.0	58315.0
241.0	60403.0
242.0	62899.0
243.0	65227.0
244.0	66538.0
245.0	67509.0
246.0	68605.0
247.0	69141.0
248.0	70540.0
249.0	73338.0
250.0	77889.0
251.0	82992.0
252.0	87644.0
253.0	91868.0
254.0	94546.0
255.0	96854.0
256.0	99529.0
257.0	102937.0
258.0	107094.0
259.0	114195.0
260.0	123881.0
261.0	133951.0
262.0	145259.0
263.0	151327.0
264.0	155847.0
265.0	160772.0
266.0	168482.0
267.0	178385.0
268.0	190691.0
269.0	204563.0
270.0	217571.0
271.0	231786.0
272.0	244824.0
273.0	257838.0
274.0	272413.0
275.0	286026.0
276.0	304378.0
277.0	326369.0
278.0	350942.0
279.0	372785.0
280.0	390767.0
281.0	403706.0
282.0	417420.0
283.0	436377.0
284.0	460661.0
285.0	487507.0
286.0	513000.0
287.0	539714.0
288.0	559974.0
289.0	577177.0
290.0	591667.0
291.0	604520.0
292.0	614765.0
293.0	625868.0
294.0	637953.0
295.0	650699.0
296.0	656893.0
297.0	662726.0
298.0	667733.0
299.0	669860.0
300.0	671620.0
301.0	675946.0
302.0	676394.0
303.0	674131.0
304.0	671080.0
305.0	666326.0
306.0	655667.0
307.0	647019.0
308.0	638075.0
309.0	634200.0
310.0	632014.0
311.0	627541.0
312.0	622358.0
313.0	616041.0
314.0	607507.0
315.0	593617.0
316.0	578593.0
317.0	563057.0
318.0	550894.0
319.0	539847.0
320.0	531688.0
321.0	524709.0
322.0	518016.0
323.0	509123.0
324.0	499860.0
325.0	491989.0
326.0	478748.0
327.0	469305.0
328.0	458829.0
329.0	448273.0
330.0	439500.0
331.0	430918.0
332.0	420811.0
333.0	411923.0
334.0	402174.0
335.0	392732.0
336.0	385353.0
337.0	376102.0
338.0	367833.0
339.0	359882.0
340.0	352024.0
341.0	342856.0
342.0	333107.0
343.0	322490.0
344.0	313178.0
345.0	303627.0
346.0	295181.0
347.0	288399.0
348.0	280526.0
349.0	272102.0
350.0	265684.0
351.0	257581.0
352.0	247653.0
353.0	239936.0
354.0	229983.0
355.0	220065.0
356.0	212465.0
357.0	205066.0
358.0	198297.0
359.0	191080.0
360.0	184643.0
361.0	178429.0
362.0	170554.0
363.0	164906.0
364.0	156811.0
365.0	148747.0
366.0	142476.0
367.0	136143.0
368.0	130700.0
369.0	125751.0
370.0	120624.0
371.0	115634.0
372.0	110693.0
373.0	106317.0
374.0	101191.0
375.0	97240.0
376.0	91620.0
377.0	86907.0
378.0	83255.0
379.0	79303.0
380.0	76103.0
381.0	73423.0
382.0	70478.0
383.0	67900.0
384.0	64974.0
385.0	62075.0
386.0	59651.0
387.0	56826.0
388.0	54380.0
389.0	52596.0
390.0	50861.0
391.0	49105.0
392.0	47976.0
393.0	46670.0
394.0	44482.0
395.0	43767.0
396.0	42377.0
397.0	40995.0
398.0	39861.0
399.0	39168.0
400.0	38530.0
401.0	37821.0
402.0	37762.0
403.0	37151.0
404.0	36475.0
405.0	36126.0
406.0	36291.0
407.0	35809.0
408.0	35989.0
409.0	35739.0
410.0	35579.0
411.0	36281.0
412.0	36704.0
413.0	36822.0
414.0	37207.0
415.0	36972.0
416.0	37106.0
417.0	37248.0
418.0	37820.0
419.0	37400.0
420.0	38114.0
421.0	38619.0
422.0	39332.0
423.0	40294.0
424.0	41214.0
425.0	42007.0
426.0	42135.0
427.0	42227.0
428.0	42449.0
429.0	43341.0
430.0	44151.0
431.0	45155.0
432.0	46232.0
433.0	47167.0
434.0	48175.0
435.0	48844.0
436.0	47952.0
437.0	47766.0
438.0	47795.0
439.0	48075.0
440.0	48327.0
441.0	49538.0
442.0	50906.0
443.0	52076.0
444.0	52080.0
445.0	52137.0
446.0	51580.0
447.0	50712.0
448.0	50395.0
449.0	51069.0
450.0	51960.0
451.0	52940.0
452.0	54613.0
453.0	55000.0
454.0	54720.0
455.0	54591.0
456.0	54662.0
457.0	55048.0
458.0	56056.0
459.0	57028.0
460.0	57862.0
461.0	57211.0
462.0	56146.0
463.0	54757.0
464.0	53661.0
465.0	53350.0
466.0	53079.0
467.0	52527.0
468.0	52450.0
469.0	52039.0
470.0	52071.0
471.0	50851.0
472.0	50132.0
473.0	48748.0
474.0	48359.0
475.0	47334.0
476.0	47364.0
477.0	47121.0
478.0	46802.0
479.0	46545.0
480.0	46438.0
481.0	45709.0
482.0	44897.0
483.0	44377.0
484.0	44277.0
485.0	44102.0
486.0	44084.0
487.0	43859.0
488.0	43574.0
489.0	43326.0
490.0	42955.0
491.0	43124.0
492.0	42480.0
493.0	42382.0
494.0	42031.0
495.0	42333.0
496.0	41479.0
497.0	41559.0
498.0	41586.0
499.0	41216.0
500.0	40907.0
501.0	40521.0
502.0	40598.0
503.0	40689.0
504.0	40286.0
505.0	40641.0
506.0	39824.0
507.0	39421.0
508.0	39230.0
509.0	39210.0
510.0	38805.0
511.0	38651.0
512.0	38314.0
513.0	37845.0
514.0	37597.0
515.0	37095.0
516.0	36953.0
517.0	36930.0
518.0	36182.0
519.0	35784.0
520.0	35667.0
521.0	35259.0
522.0	34859.0
523.0	34374.0
524.0	33911.0
525.0	33576.0
526.0	33447.0
527.0	32849.0
528.0	32637.0
529.0	32406.0
530.0	31758.0
531.0	31548.0
532.0	30893.0
533.0	30412.0
534.0	30006.0
535.0	29884.0
536.0	29376.0
537.0	28683.0
538.0	28442.0
539.0	27841.0
540.0	27286.0
541.0	26952.0
542.0	26550.0
543.0	25767.0
544.0	25386.0
545.0	25101.0
546.0	24918.0
547.0	24553.0
548.0	23848.0
549.0	23516.0
550.0	22380.0
551.0	22521.0
552.0	21707.0
553.0	21347.0
554.0	20697.0
555.0	20151.0
556.0	20240.0
557.0	19435.0
558.0	18996.0
559.0	18618.0
560.0	18207.0
561.0	17729.0
562.0	17488.0
563.0	17046.0
564.0	16212.0
565.0	15917.0
566.0	15662.0
567.0	15470.0
568.0	14801.0
569.0	14571.0
570.0	14251.0
571.0	13897.0
572.0	13562.0
573.0	13153.0
574.0	13077.0
575.0	12763.0
576.0	12602.0
577.0	12161.0
578.0	11862.0
579.0	11579.0
580.0	11411.0
581.0	11130.0
582.0	11058.0
583.0	10877.0
584.0	10838.0
585.0	10611.0
586.0	10094.0
587.0	10210.0
588.0	9967.0
589.0	9700.0
590.0	9597.0
591.0	9494.0
592.0	9455.0
593.0	9127.0
594.0	9078.0
595.0	8953.0
596.0	8829.0
597.0	8789.0
598.0	8678.0
599.0	8623.0
600.0	8705.0
601.0	8602.0
602.0	8420.0
603.0	8488.0
604.0	8517.0
605.0	8397.0
606.0	8157.0
