# Position (bp)	A	C	G	T	N
0.0	38.642154730168464	10.90217244940906	11.748267080126597	38.70732405254288	8.168775299864071E-5
1.0	39.199951657325066	10.787945169422871	11.656052933444279	38.3454582899862	0.010591949821588457
2.0	39.182024971026244	10.814127467162347	11.39325038946524	38.61059717234617	0.0
3.0	39.343990161993815	10.843826800216853	11.238762716929722	38.57341929118205	1.0296775588063957E-6
4.0	39.26197325540221	10.880784673609238	11.05767915950194	38.79956291148661	0.0
5.0	38.505693279429124	11.014922485324211	11.1238122600714	39.355569915820155	2.0593551176127913E-6
6.0	38.51573641111186	11.213185869594824	11.136389428226368	39.1346062600881	8.203097885157618E-5
7.0	38.702356201547495	11.134682909285571	11.216996706239966	38.94590755066123	5.663226573435176E-5
8.0	38.50854479981531	11.16592950448511	11.240364551985373	39.08515668177812	4.461936088161047E-6
9.0	39.03878172065875	11.017924338633986	11.432332487661442	38.51093571110685	2.574193897015989E-5
10.0	38.65740356836268	11.165670025740292	11.307836576607132	38.8690671763836	2.2652906293740703E-5
11.0	38.38098422512014	11.267433058877128	11.108961563866588	39.24258991858353	3.123355261712733E-5
12.0	38.09680111308419	11.360460994056757	10.916452361020438	39.62628106990253	4.461936088161047E-6
13.0	38.023254677317176	11.273305653220854	10.879887481229664	39.823548755973775	3.432258529354652E-6
14.0	38.00052351552897	11.344839412586252	11.011717099083647	39.64241989273341	5.000800677269728E-4
15.0	38.28048357667039	11.304354207103248	11.174550994684997	39.24053571185372	7.550968764580234E-5
16.0	38.53461074399064	11.466357839366346	11.168971171993824	38.829766100093224	2.941445559656937E-4
17.0	38.685474294745006	11.399983794248127	11.418415365776616	38.49611453232539	1.2012904852741281E-5
18.0	38.47617825865764	11.437225858646743	11.332022672785936	38.75438100343204	1.922064776438605E-4
19.0	38.408880592769165	11.433581486540275	11.073593512625001	39.08387576289496	6.864517058709304E-5
20.0	38.526008555670685	11.386019757025329	10.859122524537401	39.228637048401005	2.1211436557205918E-4
21.0	38.263375775316824	11.444205341902745	10.789672616768112	39.502565727795286	1.8053821703168364E-4
22.0	38.46361896423962	11.384018773535463	10.837150876254194	39.315043203201604	1.6818276911652536E-4
23.0	38.680942658387394	11.318473675862947	11.00959693738894	38.99092220077416	6.452758655406964E-5
24.0	38.77379607316918	11.271628697216034	11.096373144933823	38.85815609134369	4.599333727473352E-5
25.0	39.28506896498049	11.002624881281053	11.34221277239714	38.37008891927139	4.4620699257499554E-6
26.0	39.29856828963965	11.036727262159268	11.171966362877273	38.492732593506084	5.49181772875258E-6
27.0	39.068603588949344	11.08304781913467	11.267300327528131	38.581047234662634	1.029725215080422E-6
28.0	39.035371352965825	11.175840456183114	11.21461140495612	38.574176785894934	0.0
29.0	38.9098684512248	11.289068349067973	11.238010189135354	38.56305301057188	0.0
30.0	38.74421149428895	11.34046702530062	11.288369233886213	38.62688496820356	6.727832065375553E-5
31.0	38.73221583070912	11.349475294208396	11.095448588092289	38.82285822741161	2.0595785830354734E-6
32.0	38.74253822314708	11.202200607317113	11.05505042979483	39.000199068592956	1.1671148021353203E-5
33.0	39.057311666336666	10.930011345903187	11.13132312672906	38.881305802479346	4.8058551738310936E-5
34.0	39.3327333128815	10.844911041985847	11.189159113597071	38.63317730773933	1.9223796247587747E-5
35.0	39.37368168319422	10.800285328350054	11.360362194947962	38.465650539437966	2.025406979785889E-5
36.0	39.37100503540299	10.898554794455299	11.322007202554751	38.35770628815592	0.05072667943104263
37.0	39.0293547293166	11.084421633304448	11.313684370109808	38.57253789404162	1.3732275151674696E-6
38.0	38.8048176960901	11.22202877071135	11.263395888092328	38.70975627183273	1.3732734913845696E-6
39.0	38.893606620202384	11.21572382457884	11.323073241073997	38.56744250120333	1.5381294144872112E-4
40.0	38.62806047977226	11.347786158367942	11.193663905354269	38.83044001432848	4.9442177049476356E-5
41.0	38.70624017395782	11.17810966320342	10.954607490064566	39.16103958249314	3.0902810465368617E-6
42.0	38.943781352892465	10.98481453707398	11.075967448859728	38.995405070233325	3.159094050391643E-5
43.0	38.99474587803256	10.938095205080284	11.307375758733746	38.75977732044233	5.837711075793417E-6
44.0	38.9375102666666	11.067502830263756	11.26930590915418	38.725648713389944	3.228052551404316E-5
45.0	39.02197428663959	11.01810691593303	11.290216074394063	38.6697020361821	6.868512136513271E-7
46.0	38.82941126568487	11.14366375138222	11.156270471603126	38.87065176379494	2.7475348507709588E-6
47.0	38.803500543790484	11.137996149031581	11.20037659622483	38.858115720256336	1.0990696770162222E-5
48.0	38.6306392223104	11.239522089980994	11.09888493613579	39.030951690698515	2.0608743044218622E-6
49.0	38.67192151516973	11.124359764055317	11.242185155214655	38.96151948192731	1.4083632995830632E-5
50.0	38.46858610901244	11.19398865264358	11.20544679099435	39.13197844734963	0.0
51.0	38.58379584333565	11.175290741186297	11.18712180916059	39.049736261009556	0.004055345307911884
52.0	38.747923276427706	11.08591908192444	11.061061394495548	39.025848775579114	0.07924747157319235
53.0	38.74970569551582	11.080936552409742	10.965014207190123	39.20410474086049	2.3880402381825147E-4
54.0	38.902316544005025	11.03606396337103	11.006061651765958	39.05555749723219	3.436257929135104E-7
55.0	38.946768140463995	11.064158554997379	11.15108963408567	38.83794552530274	3.814515021426131E-5
56.0	38.781193416533824	11.13547131839082	11.183881088593825	38.899454176481534	0.0
57.0	38.91162838425931	11.010081392686024	11.377249254719422	38.70103959352614	1.3748091060371154E-6
58.0	39.087272279231506	10.970851195095827	11.363875594463764	38.578000931208905	0.0
59.0	39.07464200864711	10.962520181458471	11.254754224985208	38.708083241133174	3.4377604167973733E-7
60.0	38.84709649781102	11.049090210462996	11.145416468342187	38.95838444556384	1.2377819957491472E-5
61.0	38.70441495840633	11.131805351506333	11.025638048869098	39.13814164121824	0.0
62.0	38.65243774747543	11.22611621649758	11.132436712958436	38.98900932306855	0.0
63.0	38.77279553804343	11.185064850974708	11.098512432349526	38.94362717863233	0.0
64.0	38.95033558906808	11.097629343058992	11.167996645898041	38.783690309098915	3.4811287597153763E-4
65.0	39.152388077759305	11.008303122018589	11.23143633106615	38.607872469155964	0.0
66.0	39.495710306219614	10.926073938639815	11.41076972882611	38.16744533821513	6.880993276333754E-7
67.0	39.46987174707275	11.000494459507633	11.471476749084488	38.058153259407476	3.7849276521573862E-6
68.0	39.111717958121076	11.193816953952258	11.329147593471896	38.36530751487742	9.979577345559683E-6
69.0	38.791975635032664	11.352196351773536	11.28995508164316	38.56587224320472	6.883459147478767E-7
70.0	38.57672725868478	11.354598377183695	11.233605187710324	38.83506848794087	6.884803329551477E-7
71.0	38.512303242130656	11.380818715775565	11.261907866284842	38.844966732600774	3.4432081601719565E-6
72.0	38.33799513786552	11.522072202769102	11.22980569725633	38.91012592890642	1.0332026312488755E-6
73.0	38.428565357624294	11.466237657268575	11.17986851728025	38.925326745502566	1.7223243057234078E-6
74.0	38.64458485252536	11.39695950783723	11.251588439811766	38.706864788211476	2.4116141601591067E-6
75.0	38.96039876284628	11.232946087507823	11.313996625866093	38.49265680096443	1.7228153731984198E-6
76.0	38.9334174689149	11.199823200867923	11.301328316167465	38.56542791255239	3.1014973270951426E-6
77.0	38.75881823688347	11.237544186440743	11.177237756071664	38.82639982060412	0.0
78.0	38.63243784667853	11.311916194791314	11.132514495951108	38.92312698117342	4.481405637968184E-6
79.0	38.63081306830562	11.364274972274462	11.078396589424456	38.926515369995464	0.0
80.0	38.53435089072139	11.455946401640848	11.04850476096915	38.961188634883506	9.311785103864944E-6
81.0	38.59927805530434	11.438647533846634	11.05488837103147	38.90718603981755	0.0
82.0	38.59165093600805	11.381613440226968	11.041136801089648	38.985598822675335	0.0
83.0	38.46696299059823	11.351917071749195	11.06834287744061	39.11277567957336	1.3806386000948643E-6
84.0	38.55892215583499	11.273146395872107	11.076847582026813	39.09108386626609	0.0
85.0	38.62965978561203	11.180486331069465	10.98407474747864	39.20577913583986	0.0
86.0	38.83297326338873	11.183566065916391	10.921455829041445	39.06200484165343	0.0
87.0	39.07820883098838	11.16672814974974	10.933162913669625	38.82189976010404	3.4548821686179286E-7
88.0	39.10250573715934	11.228443519739246	11.004932574198095	38.66410814707574	1.0021827575016412E-5
89.0	39.20395602966965	11.205696580622002	11.09721635119826	38.49303943129299	9.160721709726126E-5
90.0	39.164717312212765	11.174024208641319	11.085236027739413	38.57597161649864	5.083490785815032E-5
91.0	38.96896999771264	11.15085915459297	11.06099862062155	38.819159426476254	1.2800596582528552E-5
92.0	38.59709106319319	11.206093542913447	10.99334075155343	39.20347152737001	3.1149699158455227E-6
93.0	38.61102376701974	11.220198780009863	10.96663927515336	39.19949950450694	0.0026386733100988817
94.0	38.78546659582896	11.18082224743287	10.972702963051406	39.058997262220366	0.0020109314663992453
95.0	39.0341500707391	11.153634810701025	11.092228418046576	38.71893446891839	0.001052231594905956
96.0	39.30535479475674	11.085653018023974	11.175503602565215	38.43344422049904	4.4364155028501766E-5
97.0	39.533647352073864	10.95698291922482	11.186554782589797	38.32281459938541	3.4672610772629E-7
98.0	39.405456235178484	10.975667530683499	11.197977673791378	38.42088815432223	1.0406024411048676E-5
99.0	39.07094609759611	11.116359490707312	11.211383837718275	38.60131057397831	0.0
100.0	38.60278500139367	11.302627561229183	11.099481246936325	38.99510619044082	0.0
101.0	38.26645857390432	11.447036140262556	10.991219094952166	39.29528097831051	5.212570447238024E-6
102.0	38.30402056765047	11.418531539411687	10.928003223667261	39.349438756403586	5.912866997176685E-6
103.0	38.51890835353013	11.317199956529855	10.891671761310114	39.272219928629895	0.0
104.0	38.79405375851419	11.193837840340027	10.87331113443533	39.13879517653246	2.090177998582943E-6
105.0	39.06787344432962	11.099052513441876	10.971345174017838	38.86171841116728	1.0457043380783039E-5
106.0	39.07799956394493	11.108743688853096	11.064813824529782	38.74608697112162	0.0023559515505730878
107.0	38.87035491130009	11.205012438088751	11.151975017728812	38.77049004115318	0.0021675917291595704
108.0	38.57027886912016	11.338076822329747	11.111914669527923	38.97911323350493	6.164055172435759E-4
109.0	38.393363806070866	11.386711111517325	11.037342457876878	39.182486507786145	9.611674878561294E-5
110.0	38.320750086293884	11.421513334765757	10.962923607226033	39.29480597472424	6.996990090778669E-6
111.0	38.397003593138216	11.444361000754496	10.93668013363756	39.221906233734025	4.9038735697327325E-5
112.0	38.388969807219844	11.468205703499759	10.861023044328295	39.28174074889462	6.069605747530715E-5
113.0	38.28607224919443	11.475852787283248	10.865027063511404	39.37109607686994	0.0019518231409740615
114.0	38.41105874210482	11.385922104085857	10.937456562411263	39.265336766579864	2.2582481819049985E-4
115.0	38.639318550456004	11.24210959091708	11.00194920197385	39.115207157767685	0.0014154988853811107
116.0	38.74388352037074	11.117192475344183	11.023336058542691	39.11551439083395	7.355490844210337E-5
117.0	38.79541004441392	11.074655188489704	11.027070972601518	39.10286308587443	7.086204255841055E-7
118.0	38.80588170984976	11.068708194193269	10.991500626326047	39.133905208257275	4.261373654223577E-6
119.0	38.756880716041735	11.139276458426064	10.998011713719139	39.105830755708894	3.5610417249253093E-7
120.0	38.5702113657099	11.25112336621595	11.041148693147838	39.137510858140814	5.716785501248682E-6
121.0	38.41737867434365	11.340331458192725	11.072730025291843	39.16955553925227	4.302919509372512E-6
122.0	38.40155173415471	11.357066193548214	11.11939992319896	39.12167836289731	3.037862008004975E-4
123.0	38.610398088170264	11.237819128769662	11.138855080980047	39.01292734069029	3.613897298437941E-7
124.0	39.05622318668168	11.034708192423064	11.146620105238473	38.762448515656786	0.0
125.0	39.35281773135939	10.930729505241796	11.211364753102822	38.505086915014374	1.0952816224251874E-6
126.0	39.54388943931673	10.929183439351359	11.22526910173414	38.29885662848019	0.0028013911175852075
127.0	39.560279661201456	11.05941431680868	11.168412023501373	38.210186713110474	0.00170728537802388
128.0	39.6214907904583	11.444232546851856	10.892843939266655	38.04127481674453	1.579066786548551E-4
129.0	36.565756977286114	10.114656739001825	12.92793766388232	40.391638058643956	1.0561185786283028E-5
