# Position (bp)	A	C	G	T	N
0.0	38.74918016363952	11.047084857933164	11.793146458671776	38.410588210558345	3.0919719422098076E-7
1.0	39.31316295743406	10.91704084680454	11.744620123419153	38.015165194784956	0.010010877557292694
2.0	39.31194348370005	10.921335286635076	11.479885176529955	38.28683605313492	0.0
3.0	39.46821545602567	10.947373400754811	11.299869333265722	38.28454150075661	3.0919719422098076E-7
4.0	39.36031274677801	10.983992552057986	11.099797413998347	38.55589728716566	0.0
5.0	38.56752372006276	11.114164880022212	11.137577909963014	39.18073318075482	3.0919719422098076E-7
6.0	38.57643818436934	11.304284360002004	11.133174323522917	38.985673657202966	4.294749027729423E-4
7.0	38.855693959090736	11.196086676631062	11.247483289437639	38.700713503445385	2.2571395178131596E-5
8.0	38.646424969281256	11.255045016019507	11.287541641132131	38.81097507808775	1.3295479351502174E-5
9.0	39.238184493018636	11.063633091767871	11.493491089864454	38.204683904616374	7.420732661303538E-6
10.0	38.82631991644255	11.214665717637413	11.359801953013157	38.599192005892064	2.040701481858473E-5
11.0	38.48273875743542	11.325567948866205	11.148573271386706	39.043097141719294	2.2880592372352574E-5
12.0	38.19512507335703	11.436436477600829	10.93266489022572	39.43576861166131	4.947155107535692E-6
13.0	38.169293502963036	11.286205290858708	10.894111710472695	39.65037465424024	1.4841465322607076E-5
14.0	38.13658415018079	11.350801531886578	11.016661400007791	39.49499316983398	9.597480908619244E-4
15.0	38.42958683215725	11.290564043705642	11.174394947470487	39.105355851958855	9.832470776227189E-5
16.0	38.63332768533125	11.481732011371037	11.140433036854452	38.74447789270981	2.9373733450993172E-5
17.0	38.78716720332993	11.3839885943339	11.420880148365182	38.40787407758747	8.99763835183054E-5
18.0	38.55266061093655	11.464338741604523	11.350577363920769	38.632390817832764	3.246570539320298E-5
19.0	38.47540027122778	11.4759716676427	11.123213845108285	38.92516716746305	2.4704855818256363E-4
20.0	38.63693856254575	11.431346960614757	10.920837640285677	39.01081221410325	6.462245056779852E-5
21.0	38.283799046629916	11.51117902316946	10.817262378209124	39.38763247094113	1.270810503707047E-4
22.0	38.51055391563129	11.426125605289746	10.84572985442126	39.21757485541186	1.576924584277459E-5
23.0	38.735990752279456	11.358411020894167	10.999221561631835	38.90614476348928	2.319017052650719E-4
24.0	38.74691363157093	11.339749558428307	11.071668278396865	38.841639466442416	2.9065161473066042E-5
25.0	39.291750460289286	11.055605896937102	11.341990667093748	38.31065081124232	2.164437539242799E-6
26.0	39.27741473795861	11.111850803074237	11.160449492672717	38.45028496629444	0.0
27.0	39.014344576078706	11.148747635178397	11.257026701687495	38.5798810870554	0.0
28.0	39.02264919861948	11.225508074373394	11.21252647783578	38.53931624917134	0.0
29.0	38.95362931573665	11.32429543446122	11.248947314936952	38.4731263887997	1.5460654785693555E-6
30.0	38.78954054026459	11.389738808251193	11.305058183699183	38.51527842165973	3.840461253125685E-4
31.0	38.76231945433867	11.42169942972696	11.08026870147967	38.735711177579546	1.2368751544045368E-6
32.0	38.71019810883212	11.295564547145966	11.017257886845307	38.976977911068005	1.5461086011171786E-6
33.0	39.036206855446146	11.008134746321701	11.079976638683572	38.87563042822906	5.1331319517024235E-5
34.0	39.32648033876873	10.91383021129426	11.137364984964234	38.62229694367622	2.7521296559080013E-5
35.0	39.33006029227301	10.860047707939183	11.312618332296454	38.49724243510161	3.1232389744600534E-5
36.0	39.31967973963073	10.95521861261068	11.279475416307907	38.39739602529925	0.04823020615142966
37.0	39.004869964075425	11.139980433408118	11.297197949079573	38.55794763331945	4.020117434557235E-6
38.0	38.81420341057925	11.261803985687784	11.271651573515827	38.65233639154682	4.638670312166741E-6
39.0	38.95163416943033	11.242909556343362	11.35611005855493	38.44909788757431	2.483280970689358E-4
40.0	38.64050056228422	11.425209667644252	11.21122820268051	38.723026621391995	3.494599903009699E-5
41.0	38.670486878527136	11.269690655265679	10.932082333499842	39.12770951565848	3.0617048858720585E-5
42.0	38.902382940984616	11.067222349950576	11.057039338415375	38.973351040874746	4.329774691514378E-6
43.0	38.96708708132099	10.997889712868968	11.286182106115676	38.74878542998515	5.566970921524294E-5
44.0	38.927974066875485	11.114227855108123	11.234419408924058	38.723375576266186	3.0928261415166644E-6
45.0	39.09102903628558	11.031028915724441	11.266189644343912	38.61174962003832	2.7836077434981673E-6
46.0	38.92104106745271	11.143259612477342	11.149176773265545	38.7865225468044	0.0
47.0	38.917974358039466	11.12525071806103	11.220413994461484	38.736336494336435	2.4435101588842064E-5
48.0	38.719626256566706	11.255573870247108	11.116553904371129	38.90824411293071	1.855884344850927E-6
49.0	38.7383743403032	11.151962628131571	11.2729812789265	38.83667401952111	7.733117614408691E-6
50.0	38.514905089833206	11.233577862567524	11.222151273439364	39.0293657741599	0.0
51.0	38.584200135212384	11.230980097725322	11.200075594798614	38.97916043742527	0.005583734838412097
52.0	38.705617929532245	11.145508267179315	11.071368504941699	38.997548966486036	0.07995633186070776
53.0	38.699671490707985	11.145956054101937	10.987374781175586	39.16691816604593	7.950796855621334E-5
54.0	38.890171185225434	11.099349013565412	11.02454080265207	38.98593899855708	0.0
55.0	38.966727023951236	11.112742230195028	11.132845958540017	38.787667151921504	1.7635392219894258E-5
56.0	38.78701692263617	11.182426798950845	11.150209321862315	38.88034695655067	0.0
57.0	38.90053890449174	11.049258120146927	11.353075404027992	38.697126952494706	6.188386413640214E-7
58.0	39.06757891720724	11.017179065852698	11.378792992962143	38.53644840510662	6.188713001092627E-7
59.0	39.06749137693318	11.008078477158682	11.297886752458297	38.62654339344985	0.0
60.0	38.87334390728733	11.070237204935642	11.17336056839075	38.88305831938628	0.0
61.0	38.73210653517617	11.127246356614357	11.034088777431645	39.106558330777816	0.0
62.0	38.69068359515663	11.225868541432789	11.147408361784736	38.93603950162585	0.0
63.0	38.80189525117887	11.186179548934732	11.110245086445564	38.90168011344083	0.0
64.0	38.94422302185217	11.128981581478852	11.160024627644267	38.766718142148946	5.262687576657623E-5
65.0	39.12314600971542	11.043447655504684	11.193158075394674	38.640246711443524	1.5479417002184836E-6
66.0	39.46486767606897	10.955175182176708	11.376717470332512	38.203239671421805	0.0
67.0	39.461695690176576	11.015893163516477	11.452374561216054	38.069977446136846	5.913895404443163E-5
68.0	39.150947928525106	11.188231641072699	11.34844790040105	38.312365098375054	7.431626090540423E-6
69.0	38.84300157043175	11.333603368824521	11.323289139060625	38.5001059216831	0.0
70.0	38.632946789027585	11.342371402444176	11.262342015387631	38.76233979314061	0.0
71.0	38.57953439456567	11.366501549443624	11.283560012003047	38.77039568022885	8.363758803433085E-6
72.0	38.38936314787904	11.501546550947438	11.246082564781537	38.862997202612284	1.0533779706172732E-5
73.0	38.42587475234877	11.46089348938685	11.19340473016422	38.91982423939627	2.7887038938124026E-6
74.0	38.63470414675348	11.398889823213358	11.254248301430906	38.71215462972765	3.0988746083588043E-6
75.0	38.95395489640902	11.241228250131241	11.34681359228282	38.45800326117692	0.0
76.0	38.933950997831296	11.217506362458844	11.357168649249445	38.49137151087592	2.479584496026001E-6
77.0	38.83338776365882	11.23993407728385	11.252390719852432	38.674287439204896	0.0
78.0	38.73087476354987	11.282863874326884	11.21824592797345	38.768015434149795	0.0
79.0	38.702384985231355	11.34496853064643	11.153923180403991	38.79872268357501	6.201432166186178E-7
80.0	38.52601830234586	11.4617734308057	11.10591602036043	38.90628728440826	4.962079755495505E-6
81.0	38.557854856439796	11.455998351065057	11.090656140578156	38.895490651916994	0.0
82.0	38.549652068609845	11.409926118853003	11.072603145026157	38.96781711623274	1.5512782518834016E-6
83.0	38.43670170590146	11.373209409672004	11.090189881592991	39.09989869251703	3.103165208341935E-7
84.0	38.5051251896113	11.287930438588695	11.092527583778669	39.11441678802133	0.0
85.0	38.5533979067463	11.206560753408642	11.017869979595089	39.2221701185447	1.2417052652559192E-6
86.0	38.786850319398205	11.20820169481018	10.965800533756536	39.03914745203508	0.0
87.0	39.03374364917941	11.184098809447542	10.991227516378594	38.79093002499446	0.0
88.0	39.05084375605622	11.24770865814736	11.058229585885888	38.64321520446431	2.7954462230722977E-6
89.0	39.139624639890435	11.24289326488106	11.121423996369877	38.49570175006589	3.563487927319212E-4
90.0	39.08664314543337	11.231375691945875	11.108377698050623	38.57357673850921	2.6726060924162885E-5
91.0	38.91762293621271	11.205261089560286	11.098910412979029	38.77820276343766	2.797810315517307E-6
92.0	38.55523830459225	11.25005811177032	11.027269945257858	39.16743239451559	1.2438639801153416E-6
93.0	38.541649756384466	11.25110026156564	11.000688681303195	39.199234751686646	0.00732654906005343
94.0	38.70053029910439	11.216507248132132	10.99417647438623	39.087656884061595	0.001129094315647006
95.0	38.94335787308797	11.182393666033096	11.102959405844942	38.77102701592977	2.620391042200069E-4
96.0	39.2230030215028	11.11633450849346	11.167302556333834	38.49335866849681	1.2451730981584864E-6
97.0	39.47474829667301	10.976957555007044	11.181728989529717	38.3665632904917	1.8682985241241912E-6
98.0	39.37759241182237	10.99260638390554	11.206427962498797	38.42337293029343	3.114798586875685E-7
99.0	39.05715835180403	11.125023790816279	11.235936154108241	38.58188139167961	3.115918441482905E-7
100.0	38.62478216419058	11.28948256413555	11.137690399284917	38.94804487238896	0.0
101.0	38.30637074496661	11.434562283772824	11.023920953688346	39.23514601757223	0.0
102.0	38.3232774086048	11.407784849406893	10.970939084073915	39.29799834579274	3.1212164419215E-7
103.0	38.47411916384808	11.319314627962529	10.933673964050199	39.272891931818094	3.1232109954616965E-7
104.0	38.70573459499908	11.206772094449459	10.905210024802523	39.182283285748944	0.0
105.0	39.004308252711915	11.103072084679539	10.989281085859663	38.90333420012391	4.376624972467512E-6
106.0	39.075527881682056	11.089293294130337	11.080685587637548	38.74858265103949	0.005910585510563188
107.0	38.924121097528456	11.16682255358994	11.186593170999465	38.722016064311866	4.4711357026981733E-4
108.0	38.64253401880737	11.300485161674697	11.151416503485768	38.9055330118456	3.130418656869458E-5
109.0	38.45482066918647	11.352234341273258	11.092615593328418	39.10027489578218	5.4500429673243806E-5
110.0	38.37408671471365	11.386846095342154	11.038776962344574	39.20023286813649	5.735946313272695E-5
111.0	38.45788159061158	11.400895253781606	11.020162798923334	39.121045925445316	1.4431238174384623E-5
112.0	38.435268561451416	11.426821040961933	10.91667106216192	39.220706630611055	5.327048136855963E-4
113.0	38.2966224286685	11.44439569665444	10.881174231053157	39.37635310544891	0.0014545381749913923
114.0	38.37907574887557	11.36998109754703	10.9445114488728	39.30511163940327	0.0013200653013305816
115.0	38.59204703441844	11.244355431463973	10.992303122593047	39.16922315929305	0.00207125223149033
116.0	38.69533153806772	11.11939587451616	11.0108654598696	39.174361320659806	4.5806886714126036E-5
117.0	38.74531981525148	11.064677240543025	11.025940608236114	39.163976922406924	8.541356245704943E-5
118.0	38.7697557416916	11.048972627204993	11.003575778928065	39.177693634077976	2.218097370893939E-6
119.0	38.74028996490394	11.111304697211562	11.01715580661503	39.13124762610282	1.9051666528811984E-6
120.0	38.555876623013205	11.217208701562818	11.070683596042851	39.15622948764083	1.5917402890057898E-6
121.0	38.38816658957377	11.312506192028573	11.085775390870277	39.21355150828894	3.1923843908160897E-7
122.0	38.327899669243806	11.357491977262368	11.102172214093459	39.21243613940037	0.0
123.0	38.47874475748782	11.263702958369981	11.102867689487518	39.15468266738745	1.927267234444305E-6
124.0	38.8822525612674	11.064440277938866	11.11524535601713	38.93806115999301	6.447835885760752E-7
125.0	39.17532003258689	10.958516664974013	11.171931471209229	38.69423183122987	0.0
126.0	39.400363655455344	10.928511788216902	11.179573076935029	38.48546940160081	0.00608207779191103
127.0	39.45151481381434	11.037133763112571	11.136677754488261	38.37406961192415	6.040566606752291E-4
128.0	39.52429117061058	11.39783345168822	10.862306870635674	38.21554124007414	2.726699138711444E-5
129.0	36.51942252127524	10.117141095109572	12.87586681807458	40.4875249014636	4.46640770103971E-5
