# Position (bp)	A	C	G	T	N
0.0	38.53345655681365	11.382085755727376	12.191999899794695	37.89236622778967	9.155987460994302E-5
1.0	39.01631644617529	11.235460274893377	12.125325250286915	37.61509671888212	0.0078013097623044385
2.0	38.95061219518986	11.27452400608012	11.851458433076301	37.923405365653714	0.0
3.0	39.034966750150666	11.331432722791215	11.66915829790125	37.964441888785586	3.403712810778551E-7
4.0	38.94161720334481	11.377524440189653	11.446828798215039	38.233897153822156	1.3240442833928565E-4
5.0	38.12789430464223	11.513278802677306	11.482060629519406	38.87676490167593	1.3614851243114204E-6
6.0	38.13437905828933	11.70642793206543	11.497361680088982	38.661500488671045	3.3084088520767517E-4
7.0	38.48407412986975	11.566591496803811	11.617049496995916	38.33223960695014	4.526938038335473E-5
8.0	38.246104569818016	11.633692631526781	11.658129587651764	38.46206299986501	1.0211138432335654E-5
9.0	38.842617833644354	11.439515240498519	11.864462998612442	37.853397460190344	6.467054340479247E-6
10.0	38.38547605790968	11.59903194323206	11.716947106507144	38.29853161787115	1.327447996203635E-5
11.0	38.03707099348455	11.709713195670396	11.509066027331405	38.744136168662415	1.3614851243114204E-5
12.0	37.699612609830154	11.862669922703724	11.28460988788102	39.15309975104564	7.828539464790668E-6
13.0	37.687424594997324	11.69472426556557	11.231120200688354	39.38671426055599	1.66781927728149E-5
14.0	37.652551174651926	11.775430721135784	11.381197386683763	39.19010457635314	7.161411753878071E-4
15.0	37.96452527974946	11.712398044335538	11.555590356628095	38.76740394943689	8.236985002084093E-5
16.0	38.20292030390254	11.89536190350869	11.51436322557882	38.387316445426464	3.812158348071977E-5
17.0	38.37938205049326	11.77802843475297	11.783985953285676	38.05854705983543	5.650163265892395E-5
18.0	38.112312788137054	11.8644241962864	11.70863762242219	38.31460088642212	2.4506732237605567E-5
19.0	38.0266495056005	11.889194716266841	11.452640978210724	38.631338827969614	1.7597195231725107E-4
20.0	38.18517520898948	11.842900086991074	11.238523894308363	38.7333630283492	3.778136188643987E-5
21.0	37.81532135633706	11.943086763304553	11.128370067416002	39.11313978285554	8.20300868522987E-5
22.0	38.0530498914142	11.854111083120172	11.172743672497344	38.92008514171363	1.0211254656995855E-5
23.0	38.336387890272064	11.7462104567317	11.368120090894585	38.54910831039459	1.7325170706796066E-4
24.0	38.341938676464	11.72935300971641	11.444183541969858	38.484430146733025	9.462511671438014E-5
25.0	38.911744650608256	11.425737261570081	11.74271793211632	37.91977939254151	2.0763163838214884E-5
26.0	38.89528183768348	11.48192218587921	11.542655416893668	38.080139198018074	1.3615255766102515E-6
27.0	38.618855825434125	11.508410388884604	11.634112882791285	38.238620902889984	0.0
28.0	38.64794521224985	11.597506904339596	11.569793761553269	38.184655410145865	9.871171141205006E-5
29.0	38.61272093029074	11.694789890749123	11.599083534429894	38.09340462336835	1.0211618953642977E-6
30.0	38.386309654725856	11.782417462615351	11.65377362176409	38.177216056617766	2.8320427694009787E-4
31.0	38.34024139097477	11.828957753611196	11.406710967772364	38.42408478175706	5.105884609622036E-6
32.0	38.29691698162436	11.68699202939244	11.36060244493917	38.65547424744803	1.4296595989004896E-5
33.0	38.66263805689956	11.365014851562664	11.44494675835626	38.52736799537603	3.233780548163247E-5
34.0	38.97038178457167	11.271906308374202	11.50776269403697	38.24992878895529	2.042406186914009E-5
35.0	38.94936144078563	11.205661163428752	11.721773770198174	38.123182180125816	2.1445461626139436E-5
36.0	38.932943130950655	11.307511411184917	11.68556464789833	38.03439379310379	0.039587016862309955
37.0	38.59742264153528	11.514782073841204	11.69315834696806	38.185187116200574	0.0094498214548828
38.0	38.39211398198296	11.635890484556775	11.651944488264455	38.320043556050734	7.489145071436011E-6
39.0	38.52075068886822	11.63270987533064	11.730546742370025	38.115791164463516	2.0152896759678367E-4
40.0	38.213725565663786	11.832154969027627	11.57328572693107	38.3808136532606	2.00851169127081E-5
41.0	38.25248964332825	11.661083579482897	11.293650497881005	38.79275312999254	2.3149315306743627E-5
42.0	38.5403414361852	11.435574897142827	11.44756983535652	38.576510767387326	3.0639281354157916E-6
43.0	38.615292532686205	11.356360921173145	11.694112551325944	38.33419824842557	3.574638913297242E-5
44.0	38.54622519929921	11.483245961845608	11.626305322618485	38.344222154447486	1.3617892079948357E-6
45.0	38.71354869012643	11.388296677259332	11.666431918547483	38.231720671347865	2.042718882937272E-6
46.0	38.54085420728804	11.508934351480612	11.53811407382912	38.41209566510707	1.702295165418745E-6
47.0	38.53934923345758	11.498308149168183	11.614053560673199	38.34827305481159	1.6001889448631576E-5
48.0	38.30077401095819	11.652768103614932	11.490421370102968	38.55603583437785	6.809460601516426E-7
49.0	38.330710520927674	11.538463803971581	11.650591779443854	38.48023049084411	3.4048127811768872E-6
50.0	38.082687544555334	11.625311068013316	11.585986779905236	38.706014607526114	0.0
51.0	38.1677938187963	11.618467424385525	11.575865508889459	38.633640160126625	0.0042330878020963355
52.0	38.29459595431517	11.530751725507923	11.456037542246058	38.6575920657964	0.061022712134454725
53.0	38.273886008143165	11.543327772821947	11.36138705480396	38.821340254977635	5.890925329184396E-5
54.0	38.49578592603917	11.485978817395027	11.411234713970684	38.606998499448196	2.043146924769154E-6
55.0	38.58970510022122	11.494150912954405	11.526073261261537	38.39005267725514	1.804830769855571E-5
56.0	38.39837045326736	11.575586102142392	11.535123002048659	38.49092010199757	3.405440215263052E-7
57.0	38.50238169728784	11.433464247595985	11.744126175392564	38.32002651750439	1.3622192283973452E-6
58.0	38.665005943712224	11.396129586358443	11.778888456202248	38.15751371402171	0.002462299705371366
59.0	38.65116178985835	11.396498058328467	11.680385720535122	38.27193740211895	1.702915911088553E-5
60.0	38.46762934753832	11.45446861247985	11.565492835193888	38.51232814109358	8.106369436390462E-5
61.0	38.3307026300621	11.497891006429667	11.412756411648822	38.75863973313292	1.021872649277771E-5
62.0	38.27777919068184	11.6168110882095	11.535617210510473	38.56977650046103	1.6010137155574855E-5
63.0	38.37125323324669	11.586194349638152	11.496881743980362	38.54548433481138	1.8633832341572305E-4
64.0	38.5544904862145	11.518102833618011	11.551143294410938	38.375252961609895	0.001010424146657035
65.0	38.76152320805012	11.422445194017705	11.600106005809497	38.21592525143887	3.40683803291366E-7
66.0	39.13383190806922	11.323262429434532	11.783097520784834	37.75980814171142	0.0
67.0	39.11088821229998	11.385303285146527	11.854913216913774	37.64884928910862	4.5996531098353485E-5
68.0	38.74756635447969	11.571231919453934	11.733469786360992	37.94772682871375	5.110991640356446E-6
69.0	38.43744149341562	11.731499599335052	11.69999236129311	38.13106654595622	0.0
70.0	38.20155676835921	11.732655037693746	11.634189997179254	38.431597174412936	1.022354852089994E-6
71.0	38.13858095304685	11.756397659406803	11.65674912465136	38.44826578731993	6.475575059608946E-6
72.0	37.944467647957694	11.921879024964703	11.620799096183488	38.51284741379455	6.817099557146897E-6
73.0	37.98826792223926	11.8758932606398	11.575436504875587	38.560400948709834	1.3635355177890456E-6
74.0	38.24596179734854	11.797009000897237	11.657366861110484	38.29965859065341	3.749990326729498E-6
75.0	38.56967659686279	11.642032566845739	11.748965430198007	38.03889276386092	4.326422325402906E-4
76.0	38.53486936387651	11.616402739730558	11.76044093479494	38.0878784954309	4.084661670934507E-4
77.0	38.43384284846054	11.636322890480026	11.643806153906997	38.286000146357715	2.7960794723939885E-5
78.0	38.321028343011	11.689101111613482	11.590433433884913	38.39907324433406	3.6386715654121275E-4
79.0	38.28179001111256	11.748651047354093	11.52284742048058	38.44667366349388	3.7857558888328134E-5
80.0	38.09200180744564	11.880794409675831	11.465382766728279	38.56181453516075	6.480989501104003E-6
81.0	38.120909728711624	11.873147571604193	11.451406086344521	38.554534225274686	2.388064972547675E-6
82.0	38.12475924760863	11.806405660835628	11.443662305221194	38.62517039793912	2.3883954253533844E-6
83.0	38.00800565225305	11.770491759084607	11.47865251251087	38.74026309443656	0.00258698171492591
84.0	38.08988550873341	11.679363840549895	11.487157892492236	38.74314976470099	4.4299352347905435E-4
85.0	38.17401574129893	11.581509997410828	11.404449269661832	38.84001714099806	7.850630356977891E-6
86.0	38.385005515139184	11.60281704196938	11.35712569976003	38.655046622470834	5.120660565759186E-6
87.0	38.6392953051825	11.588107645023884	11.36936154794845	38.403230380456996	5.121388166602445E-6
88.0	38.65355751025922	11.65286019642085	11.433098686597836	38.2601151526531	3.6845406899894907E-4
89.0	38.7596419645895	11.644710395599498	11.503791279391407	38.09159098759742	2.653728221754137E-4
90.0	38.70297963342424	11.629162774607675	11.487696242816984	38.179469943753354	6.914053977527493E-4
91.0	38.53214116257447	11.607212037954929	11.48202330438948	38.377983872301115	6.396227800054042E-4
92.0	38.13374177084549	11.657395698848127	11.41676003341877	38.792094294855346	8.202032267430598E-6
93.0	38.12365422363816	11.665520212358613	11.38782942701417	38.8174894646865	0.005506672302545805
94.0	38.30735614560176	11.61707223550571	11.38312530799292	38.69167469400091	7.71616898698626E-4
95.0	38.57168376065778	11.573316072424596	11.503902755608387	38.349098434712765	0.001998976596473717
96.0	38.85884644192605	11.509117772328159	11.575924657562942	38.05605401337304	5.711480981375391E-5
97.0	39.10925148823462	11.370453501183498	11.590105666683863	37.930156162572445	3.318132557596359E-5
98.0	38.98821218360343	11.40076859859192	11.613823866868625	37.9942052900401	0.0029900608959312538
99.0	38.62802798767345	11.551283313436892	11.63162667799026	38.189025401472634	3.6619426761957576E-5
100.0	38.1782097850278	11.730634864554567	11.518993125225249	38.57205986422609	1.0236096630039402E-4
101.0	37.8416009666928	11.877562145206278	11.394609256606337	38.88622386419115	3.767303434444709E-6
102.0	37.880337967306446	11.84525356574899	11.339568121728586	38.93482869537243	1.1649843544485732E-5
103.0	38.038610068575075	11.75171759233505	11.310034488623065	38.89963785046681	0.0
104.0	38.28941290699413	11.630697204722704	11.294085125058851	38.785804420301424	3.429228896011847E-7
105.0	38.60519673173688	11.528830228484189	11.393655325766613	38.47231256859548	5.145416837781791E-6
106.0	38.67325085676074	11.51111558173321	11.493509504819563	38.317661631618044	0.0044624250684457255
107.0	38.50664895723961	11.591580889976008	11.602563699471284	38.29886835701179	3.380963013047236E-4
108.0	38.19487685883678	11.741041942148692	11.551040401604014	38.51302328536802	1.751204249080785E-5
109.0	37.99974789664186	11.800153736741807	11.479033185339121	38.72102842450592	3.6756771299774326E-5
110.0	37.91513914345461	11.83194793481176	11.420782101737437	38.83209644954243	3.437045375563714E-5
111.0	38.00923750870504	11.846070756926261	11.384462567109086	38.76021644128653	1.272597308336312E-5
112.0	37.98231327120838	11.873460497502133	11.280602675370847	38.86324072494979	3.8283096884544643E-4
113.0	37.84226640080172	11.899696861366566	11.247164554317548	39.00979607609251	0.001076107421647824
114.0	37.95593782068584	11.805958809525809	11.327766937623885	38.90935801593672	9.78416227747191E-4
115.0	38.19089361341935	11.667839124242034	11.386853218620718	38.75299188485262	0.0014221588652827985
116.0	38.28194053374295	11.541600181902032	11.406091994863026	38.77032889573049	3.8393761499385545E-5
117.0	38.31977747173656	11.489665859097569	11.42197462445987	38.76852109748873	6.09472172719538E-5
118.0	38.34649662252758	11.473077939274864	11.397252865900603	38.783172225512686	3.467842662050302E-7
119.0	38.29869629948027	11.549809109168278	11.410038232780085	38.74145462149309	1.73707827165951E-6
120.0	38.1098731778551	11.662396979860723	11.457483073504683	38.770246072359555	6.964199387438076E-7
121.0	37.93793140393123	11.762826263936226	11.466266273117906	38.83296803014293	8.028871710966594E-6
122.0	37.880494283435915	11.807753463080852	11.482349622381577	38.829401931038205	7.000634453499251E-7
123.0	38.04351357956787	11.712178681159328	11.494178991628086	38.75012734344409	1.4042006240407992E-6
124.0	38.45724707871605	11.511914649693505	11.524890490082067	38.505947429258185	3.5225019378780227E-7
125.0	38.76194176372762	11.401005820111164	11.60185325416129	38.23519916199992	0.0
126.0	39.0156364137567	11.355154977718735	11.621990142375987	38.00261683741135	0.004601628737221121
127.0	39.08300560170355	11.436539552854015	11.587328088123485	37.89269168545475	4.350718641996466E-4
128.0	39.14389149279574	11.80101221204137	11.322034397478994	37.73304619871766	1.5698966231315625E-5
129.0	36.012219437270346	10.416256062774213	13.470460701806259	40.10102477311721	3.9025031974285246E-5
