#Insert size (bp)	insert size
20.0	24.0
21.0	37.0
22.0	53.0
23.0	75.0
24.0	103.0
25.0	137.0
26.0	165.0
27.0	227.0
28.0	324.0
29.0	450.0
30.0	578.0
31.0	570.0
32.0	557.0
33.0	514.0
34.0	564.0
35.0	615.0
36.0	754.0
37.0	901.0
38.0	1108.0
39.0	1498.0
40.0	1742.0
41.0	1784.0
42.0	1581.0
43.0	1479.0
44.0	1560.0
45.0	1549.0
46.0	1748.0
47.0	2035.0
48.0	2372.0
49.0	3233.0
50.0	3932.0
51.0	3345.0
52.0	2993.0
53.0	2709.0
54.0	2745.0
55.0	3034.0
56.0	3196.0
57.0	3792.0
58.0	4743.0
59.0	7027.0
60.0	9611.0
61.0	9832.0
62.0	7127.0
63.0	5166.0
64.0	4424.0
65.0	4665.0
66.0	5068.0
67.0	5492.0
68.0	6709.0
69.0	9377.0
70.0	14211.0
71.0	17302.0
72.0	17110.0
73.0	12964.0
74.0	9634.0
75.0	8749.0
76.0	9033.0
77.0	10436.0
78.0	12990.0
79.0	16471.0
80.0	19707.0
81.0	21937.0
82.0	21849.0
83.0	21325.0
84.0	19003.0
85.0	17611.0
86.0	17704.0
87.0	19210.0
88.0	21842.0
89.0	25753.0
90.0	31378.0
91.0	35919.0
92.0	35502.0
93.0	30508.0
94.0	26087.0
95.0	25981.0
96.0	27501.0
97.0	29911.0
98.0	32735.0
99.0	38071.0
100.0	47896.0
101.0	62390.0
102.0	73400.0
103.0	70261.0
104.0	54517.0
105.0	42480.0
106.0	40506.0
107.0	43014.0
108.0	47849.0
109.0	55246.0
110.0	68557.0
111.0	88421.0
112.0	117696.0
113.0	146090.0
114.0	152669.0
115.0	137479.0
116.0	121903.0
117.0	126666.0
118.0	149527.0
119.0	184290.0
120.0	223912.0
121.0	233402.0
122.0	246145.0
123.0	255981.0
124.0	278424.0
125.0	298674.0
126.0	311127.0
127.0	341596.0
128.0	430754.0
129.0	572131.0
130.0	588524.0
131.0	506622.0
132.0	548050.0
133.0	561743.0
134.0	562283.0
135.0	569120.0
136.0	623396.0
137.0	688790.0
138.0	762535.0
139.0	851505.0
140.0	933083.0
141.0	992508.0
142.0	1058696.0
143.0	1166506.0
144.0	1328061.0
145.0	1490941.0
146.0	1585186.0
147.0	1626536.0
148.0	1638955.0
149.0	1625959.0
150.0	1590421.0
151.0	1541274.0
152.0	1504963.0
153.0	1509792.0
154.0	1536426.0
155.0	1564391.0
156.0	1570318.0
157.0	1538977.0
158.0	1470966.0
159.0	1384319.0
160.0	1296614.0
161.0	1210620.0
162.0	1137266.0
163.0	1078530.0
164.0	1036741.0
165.0	1008741.0
166.0	986144.0
167.0	962025.0
168.0	931075.0
169.0	886374.0
170.0	834163.0
171.0	777778.0
172.0	719370.0
173.0	671112.0
174.0	627842.0
175.0	595756.0
176.0	569945.0
177.0	551076.0
178.0	533641.0
179.0	513317.0
180.0	489102.0
181.0	461253.0
182.0	432369.0
183.0	402343.0
184.0	375395.0
185.0	352835.0
186.0	334322.0
187.0	316707.0
188.0	304568.0
189.0	293336.0
190.0	281374.0
191.0	267168.0
192.0	250602.0
193.0	235284.0
194.0	218102.0
195.0	204349.0
196.0	192311.0
197.0	182535.0
198.0	174651.0
199.0	168439.0
200.0	160638.0
201.0	153990.0
202.0	146287.0
203.0	138144.0
204.0	130406.0
205.0	121596.0
206.0	115373.0
207.0	109680.0
208.0	106456.0
209.0	102811.0
210.0	99692.0
211.0	96653.0
212.0	92728.0
213.0	89966.0
214.0	85404.0
215.0	81743.0
216.0	79103.0
217.0	76552.0
218.0	75595.0
219.0	75217.0
220.0	75670.0
221.0	75135.0
222.0	74732.0
223.0	73949.0
224.0	73078.0
225.0	72525.0
226.0	72183.0
227.0	72605.0
228.0	72676.0
229.0	73451.0
230.0	75471.0
231.0	76847.0
232.0	78905.0
233.0	79820.0
234.0	80963.0
235.0	81844.0
236.0	82352.0
237.0	83930.0
238.0	84576.0
239.0	85552.0
240.0	87889.0
241.0	90473.0
242.0	93613.0
243.0	96309.0
244.0	98086.0
245.0	99917.0
246.0	100002.0
247.0	101079.0
248.0	102747.0
249.0	104951.0
250.0	109477.0
251.0	113823.0
252.0	117630.0
253.0	122057.0
254.0	123943.0
255.0	126146.0
256.0	127242.0
257.0	130156.0
258.0	131698.0
259.0	137182.0
260.0	143902.0
261.0	152773.0
262.0	161720.0
263.0	168376.0
264.0	171841.0
265.0	175013.0
266.0	180655.0
267.0	187407.0
268.0	195911.0
269.0	204555.0
270.0	216655.0
271.0	228185.0
272.0	240946.0
273.0	254747.0
274.0	265957.0
275.0	277978.0
276.0	290253.0
277.0	305885.0
278.0	324136.0
279.0	342728.0
280.0	359394.0
281.0	375118.0
282.0	390745.0
283.0	410773.0
284.0	437088.0
285.0	464171.0
286.0	490804.0
287.0	519984.0
288.0	544334.0
289.0	570575.0
290.0	593065.0
291.0	616295.0
292.0	638995.0
293.0	661244.0
294.0	686178.0
295.0	712882.0
296.0	735465.0
297.0	757894.0
298.0	777855.0
299.0	799704.0
300.0	818068.0
301.0	836594.0
302.0	852781.0
303.0	869776.0
304.0	882227.0
305.0	890773.0
306.0	901739.0
307.0	907210.0
308.0	913546.0
309.0	928512.0
310.0	941881.0
311.0	958654.0
312.0	967215.0
313.0	972949.0
314.0	974061.0
315.0	972425.0
316.0	967173.0
317.0	959400.0
318.0	956855.0
319.0	953147.0
320.0	956400.0
321.0	959040.0
322.0	963679.0
323.0	964766.0
324.0	965064.0
325.0	959082.0
326.0	953132.0
327.0	945072.0
328.0	939851.0
329.0	931556.0
330.0	927114.0
331.0	919650.0
332.0	912752.0
333.0	904393.0
334.0	895919.0
335.0	886069.0
336.0	877098.0
337.0	869669.0
338.0	860018.0
339.0	847632.0
340.0	838051.0
341.0	824413.0
342.0	811258.0
343.0	793141.0
344.0	775316.0
345.0	760273.0
346.0	743588.0
347.0	731686.0
348.0	719258.0
349.0	705108.0
350.0	690660.0
351.0	674609.0
352.0	653936.0
353.0	632607.0
354.0	611374.0
355.0	590880.0
356.0	570812.0
357.0	554497.0
358.0	539010.0
359.0	521784.0
360.0	508843.0
361.0	491818.0
362.0	474138.0
363.0	456892.0
364.0	436997.0
365.0	417163.0
366.0	400747.0
367.0	382726.0
368.0	368918.0
369.0	355039.0
370.0	342835.0
371.0	329213.0
372.0	316736.0
373.0	302108.0
374.0	288987.0
375.0	273867.0
376.0	262127.0
377.0	249292.0
378.0	236724.0
379.0	228225.0
380.0	218817.0
381.0	209495.0
382.0	202054.0
383.0	194327.0
384.0	184433.0
385.0	176520.0
386.0	168315.0
387.0	159784.0
388.0	152823.0
389.0	145845.0
390.0	141281.0
391.0	135498.0
392.0	131130.0
393.0	125775.0
394.0	122157.0
395.0	115783.0
396.0	112787.0
397.0	107551.0
398.0	103955.0
399.0	99902.0
400.0	97051.0
401.0	94800.0
402.0	92659.0
403.0	90434.0
404.0	87872.0
405.0	85784.0
406.0	83522.0
407.0	81076.0
408.0	80197.0
409.0	78925.0
410.0	78290.0
411.0	77507.0
412.0	76817.0
413.0	76900.0
414.0	76017.0
415.0	75313.0
416.0	75036.0
417.0	73680.0
418.0	73779.0
419.0	73881.0
420.0	73875.0
421.0	74590.0
422.0	75292.0
423.0	77206.0
424.0	78099.0
425.0	79100.0
426.0	79904.0
427.0	79274.0
428.0	80328.0
429.0	80990.0
430.0	82873.0
431.0	84368.0
432.0	87561.0
433.0	89899.0
434.0	91349.0
435.0	92445.0
436.0	93339.0
437.0	94169.0
438.0	94532.0
439.0	95101.0
440.0	96930.0
441.0	99701.0
442.0	102387.0
443.0	106190.0
444.0	107497.0
445.0	108912.0
446.0	109033.0
447.0	109174.0
448.0	109067.0
449.0	111416.0
450.0	113089.0
451.0	115982.0
452.0	119014.0
453.0	121521.0
454.0	122092.0
455.0	122733.0
456.0	123485.0
457.0	124757.0
458.0	126243.0
459.0	129715.0
460.0	132057.0
461.0	132313.0
462.0	132404.0
463.0	133713.0
464.0	133179.0
465.0	134309.0
466.0	134156.0
467.0	134172.0
468.0	135953.0
469.0	136370.0
470.0	137475.0
471.0	137376.0
472.0	136783.0
473.0	135894.0
474.0	136621.0
475.0	136003.0
476.0	136683.0
477.0	137772.0
478.0	138961.0
479.0	140623.0
480.0	140338.0
481.0	141048.0
482.0	140955.0
483.0	140982.0
484.0	141277.0
485.0	142236.0
486.0	141948.0
487.0	143793.0
488.0	144030.0
489.0	145015.0
490.0	145646.0
491.0	146084.0
492.0	145686.0
493.0	146624.0
494.0	146952.0
495.0	146773.0
496.0	147574.0
497.0	147973.0
498.0	148830.0
499.0	148159.0
500.0	147853.0
501.0	148166.0
502.0	148830.0
503.0	147991.0
504.0	148468.0
505.0	148161.0
506.0	148070.0
507.0	147359.0
508.0	146910.0
509.0	145694.0
510.0	146147.0
511.0	144672.0
512.0	144836.0
513.0	143426.0
514.0	143375.0
515.0	143192.0
516.0	142222.0
517.0	140885.0
518.0	139849.0
519.0	138515.0
520.0	137499.0
521.0	136620.0
522.0	135460.0
523.0	134202.0
524.0	133286.0
525.0	132402.0
526.0	131232.0
527.0	129496.0
528.0	127853.0
529.0	126426.0
530.0	125552.0
531.0	123189.0
532.0	122240.0
533.0	120696.0
534.0	118938.0
535.0	117493.0
536.0	115425.0
537.0	113882.0
538.0	112250.0
539.0	110307.0
540.0	108683.0
541.0	106597.0
542.0	104931.0
543.0	103652.0
544.0	101700.0
545.0	99751.0
546.0	97950.0
547.0	96339.0
548.0	93847.0
549.0	92461.0
550.0	90712.0
551.0	87925.0
552.0	86444.0
553.0	84874.0
554.0	82535.0
555.0	80382.0
556.0	79059.0
557.0	77472.0
558.0	75396.0
559.0	73884.0
560.0	71146.0
561.0	69680.0
562.0	68086.0
563.0	66502.0
564.0	64682.0
565.0	62925.0
566.0	61881.0
567.0	60456.0
568.0	58222.0
569.0	57181.0
570.0	55437.0
571.0	54256.0
572.0	52658.0
573.0	51255.0
574.0	50398.0
575.0	48935.0
576.0	47873.0
577.0	46868.0
578.0	45885.0
579.0	44543.0
580.0	43150.0
581.0	42733.0
582.0	41911.0
583.0	40901.0
584.0	40331.0
585.0	39632.0
586.0	38595.0
587.0	37880.0
588.0	37193.0
589.0	36167.0
590.0	36216.0
591.0	34940.0
592.0	34926.0
593.0	34230.0
594.0	34027.0
595.0	33454.0
596.0	33131.0
597.0	33200.0
598.0	32150.0
599.0	32247.0
600.0	32118.0
601.0	31911.0
602.0	31793.0
603.0	31416.0
604.0	31280.0
605.0	31158.0
606.0	31085.0
607.0	30855.0
608.0	30856.0
609.0	30745.0
610.0	30497.0
611.0	30457.0
612.0	30442.0
613.0	30562.0
614.0	30580.0
615.0	30544.0
616.0	30458.0
617.0	30675.0
618.0	30603.0
619.0	30508.0
620.0	30261.0
621.0	30475.0
622.0	30458.0
623.0	30537.0
624.0	30214.0
625.0	30313.0
626.0	30662.0
627.0	30291.0
628.0	30807.0
629.0	30268.0
630.0	30201.0
631.0	29883.0
632.0	30253.0
633.0	30154.0
634.0	30196.0
635.0	29985.0
636.0	30200.0
637.0	30002.0
638.0	29920.0
639.0	30254.0
640.0	29571.0
641.0	29752.0
642.0	29626.0
643.0	29478.0
644.0	29597.0
645.0	29552.0
646.0	29666.0
647.0	29946.0
648.0	29696.0
649.0	29918.0
650.0	29959.0
651.0	29691.0
652.0	29873.0
653.0	29724.0
654.0	29519.0
655.0	29916.0
656.0	30041.0
657.0	29803.0
658.0	30196.0
659.0	30324.0
660.0	30524.0
661.0	30241.0
662.0	30495.0
663.0	30636.0
664.0	30813.0
665.0	30995.0
666.0	30878.0
667.0	30730.0
668.0	30918.0
669.0	31079.0
670.0	30982.0
671.0	31513.0
672.0	31432.0
673.0	31254.0
674.0	31498.0
675.0	31761.0
676.0	31659.0
677.0	31276.0
678.0	31904.0
679.0	32128.0
680.0	31741.0
681.0	31827.0
682.0	32129.0
683.0	31861.0
684.0	31832.0
685.0	32058.0
686.0	32223.0
687.0	32267.0
688.0	32508.0
689.0	32143.0
690.0	31969.0
691.0	31857.0
692.0	31898.0
693.0	32381.0
694.0	32129.0
695.0	31740.0
696.0	31451.0
697.0	31550.0
698.0	31646.0
