# Position (bp)	A	C	G	T	N
0.0	38.78866484155859	10.9869625008917	11.6500270413041	38.57428511792026	6.049832534267206E-5
1.0	39.38459650343763	10.859238089069443	11.627682028258635	38.11788690939784	0.010596469836455485
2.0	39.37035566079704	10.841701969224543	11.360701181727393	38.427241188251024	0.0
3.0	39.67226835616741	10.839031069473648	11.169461633334135	38.319238362093465	5.789313429920771E-7
4.0	39.56645360102069	10.851261283560028	10.991237329928353	38.591047785490936	0.0
5.0	38.68811604590773	10.990362854134764	11.027208071062478	39.294312160498016	8.683970144881159E-7
6.0	38.70098134767737	11.19154728513794	10.976467633505939	39.13092991993252	7.381374623148984E-5
7.0	38.94357789550745	11.119512594923464	11.08805259734826	38.848820729011884	3.6183208937004826E-5
8.0	38.77048466059461	11.155205738478626	11.164693265327582	38.9096111252171	5.210382086928695E-6
9.0	39.45983818382661	10.925866718403059	11.37444790646674	38.23982229725584	2.489404774865932E-5
10.0	39.03654934827557	11.082651457383816	11.273971766699423	38.60680948076956	1.7946871632754394E-5
11.0	38.666173390145644	11.2029073654158	11.031442953836466	39.09945139655434	2.489404774865932E-5
12.0	38.450900664910755	11.270289763357992	10.812609800842177	39.46619745516371	2.3157253719683085E-6
13.0	38.34695151601682	11.14293152561018	10.784178482587835	39.72593644952546	2.0262597004722703E-6
14.0	38.29947451444073	11.199284992002701	10.852190178899859	39.64855706515248	4.932495042292498E-4
15.0	38.5132454917719	11.127531372955248	11.007107285368123	39.35204493081522	7.091908951652946E-5
16.0	38.717750383492806	11.333186311789008	10.937445924194243	39.011331098974836	2.862815491095822E-4
17.0	38.92017980634909	11.233043347009582	11.27490587242134	38.57185852719612	1.244702387432966E-5
18.0	38.67399185793275	11.317692951187855	11.19667835363088	38.81145389494413	1.829423043854964E-4
19.0	38.629069101441935	11.321699445547031	11.012258326992395	39.03690365425748	6.947176115904927E-5
20.0	38.86505333113759	11.272825403062628	10.807785521715578	39.0541284857761	2.0725830810486886E-4
21.0	38.431822168058474	11.354354039433813	10.739721864130757	39.47395198384832	1.4994452862951673E-4
22.0	38.614626723327845	11.286740176644743	10.722615146297851	39.37583703531725	1.809184123177916E-4
23.0	38.79827706364753	11.264749861064843	10.81461456745028	39.12229627160229	6.223623505630201E-5
24.0	38.76007548178465	11.279225753691437	10.896463617119748	39.06418420025926	5.094714491056506E-5
25.0	39.37246400553493	10.947398344736985	11.182480721382062	38.49765403360649	2.8947395357365785E-6
26.0	39.43419369277751	10.989961849492138	10.977598057956959	38.59824089973735	5.500036036815065E-6
27.0	39.1270384963372	11.02699122353422	11.10144594612151	38.74452404452976	2.894773121230296E-7
28.0	39.134884178872895	11.069603361539205	11.066112821132396	38.72939963845551	0.0
29.0	39.0354796199893	11.201159127556187	11.0792382432243	38.684123009230206	0.0
30.0	38.96266860262082	11.240587911608275	11.142152592215426	38.65452025942469	7.063413079122254E-5
31.0	38.955499146834164	11.259311612225455	10.935955835846222	38.849232826120236	5.789739200126629E-7
32.0	38.85329800284334	11.15992806121215	10.851844358891531	39.13491597103359	1.3606019384032633E-5
33.0	39.13116051523245	10.909332109011483	10.892726527441889	39.0667336610302	4.718728397071557E-5
34.0	39.43070805270627	10.817519298219795	10.972656471124816	38.779099676704725	1.6501244393579183E-5
35.0	39.450179164024966	10.765112259711602	11.121103766448002	38.66359178237844	1.3027436992410162E-5
36.0	39.46140068994082	10.834297474224782	11.054804272366548	38.60113247487644	0.04836508859141925
37.0	39.07515496736361	10.997095425052212	11.073260371345093	38.85448865722731	5.790117778435915E-7
38.0	38.93028356902521	11.14705820687273	11.075476525504262	38.84717967202654	2.0265712558463467E-6
39.0	39.141400379943946	11.118484995654132	11.165885271760603	38.574075909653246	1.5344298807393905E-4
40.0	38.75259545688075	11.31078781107027	11.017360845737457	38.9192121687212	4.371759031907952E-5
41.0	38.77974331873374	11.180130093250758	10.77320571390986	39.26691682073945	4.053366179033397E-6
42.0	38.98345091623787	10.964294722645674	10.860836999868951	39.191390434815155	2.6926432348528702E-5
43.0	39.048938693378986	10.884317116063787	11.105043833237135	38.961696303803514	4.053516575754349E-6
44.0	39.068377012482024	10.973972027026461	11.065612751907251	38.89200114716669	3.706141757316337E-5
45.0	39.23493375602772	10.90176803715319	11.082163333691785	38.781131109004484	3.7641228187063895E-6
46.0	39.06447101460549	11.021208357303673	10.9785767880655	38.93574007582733	3.7641980010886697E-6
47.0	39.059009077456054	10.979954848494025	11.020002163419052	38.94102551338905	8.397241821103116E-6
48.0	38.891034500236486	11.116989836854135	10.947228841813287	39.04474305672454	3.7643715489273224E-6
49.0	38.946427593232116	11.008069233290922	11.097420656140661	38.94806659068263	1.5926653671038507E-5
50.0	38.72420241235951	11.082226859143217	11.06244413956856	39.13112658892871	0.0
51.0	38.760439963859724	11.076981315586188	11.038546128050223	39.119955690053374	0.004076902450488563
52.0	38.86452301378779	10.997895320216413	10.891481637209068	39.16751217665721	0.07858785212952141
53.0	38.79173883096042	10.999838125391129	10.831169266110383	39.3770310674543	2.227100837687055E-4
54.0	38.9770475815225	10.960100097081694	10.847109684949647	39.215742346828144	2.8961801046826613E-7
55.0	39.08928631386517	10.96124446180095	10.941859441891284	39.00757618571895	3.359672363360916E-5
56.0	38.91197732654521	11.045040677332771	10.94932753421632	39.0936544619057	0.0
57.0	39.04961886836297	10.902766016726332	11.14970404670446	38.89791019926707	8.689391706461642E-7
58.0	39.24553861311607	10.860165423818394	11.184342873357748	38.709953089707795	0.0
59.0	39.22627385871327	10.859572047696437	11.155936736554576	38.75821648801516	8.690205606440957E-7
60.0	39.06133820485848	10.912005167491987	10.987775791111067	39.038873883882545	6.952655921369771E-6
61.0	38.91317073673281	10.960764661804637	10.848164988806277	39.27789961265628	0.0
62.0	38.808747202046824	11.067322121900993	10.967196782696274	39.15673389335591	0.0
63.0	38.96520622462651	11.033244656349929	10.934376296126795	39.06717166391873	1.1589780406315507E-6
64.0	39.065720982856995	10.967394462760911	10.99391909817271	38.972632815300365	3.326409090216045E-4
65.0	39.2351619372068	10.89989784002154	11.012037218854504	38.85290300391716	0.0
66.0	39.547079967083654	10.81705742121112	11.167294299025338	38.46856715354334	1.159136556744694E-6
67.0	39.55742197974862	10.855213873063404	11.266010374025576	38.32134942618308	4.346979320584751E-6
68.0	39.32968597881998	11.011094572883026	11.19233530465394	38.46687313067338	1.1012969675877841E-5
69.0	39.019182233434876	11.161910378647029	11.15661913581333	38.662287382597285	8.695074770542048E-7
70.0	38.82659354309333	11.177705308102496	11.085939958807263	38.90976003053467	1.1594622422236803E-6
71.0	38.774498404010785	11.196890156179256	11.089347507612352	38.939262192794615	1.7394029916687814E-6
72.0	38.58086609212897	11.330080519789425	11.07697915837966	39.012071910222005	2.319479942675561E-6
73.0	38.67222181464743	11.271438287291687	11.042931439876114	39.01340381878153	4.639403238664754E-6
74.0	38.795437614617455	11.246770419511218	11.088130383960225	38.86965984200141	1.7399096873778122E-6
75.0	39.115816531126455	11.092565395027426	11.186204946835456	38.60541225699448	8.700161833450296E-7
76.0	39.13075864134355	11.070059050702913	11.206444597910362	38.59273625991062	1.450132558792398E-6
77.0	39.08680058218803	11.062853103565375	11.134424783174191	38.715921531072404	0.0
78.0	38.98955198391354	11.096305600339086	11.116839968419615	38.797298966385554	3.4809421939336108E-6
79.0	38.91017591795727	11.167595907211936	11.029838811441667	38.89238936338913	0.0
80.0	38.7003687660141	11.3051855114604	10.966178006020451	39.02826133311184	6.38339320564452E-6
81.0	38.75891698492448	11.290380016506072	10.944118013109842	39.0065849854596	0.0
82.0	38.73226755084468	11.272127875323145	10.92365074507901	39.07195353851108	2.9024208715174615E-7
83.0	38.653852020402965	11.232811405265622	10.924256285327537	39.18907680557876	3.4834251129248766E-6
84.0	38.660615169441144	11.169110079451313	10.921743135600405	39.24853161550714	0.0
85.0	38.65694044069389	11.117061257791502	10.866729814812317	39.3592684867023	0.0
86.0	38.89087334472653	11.096987117267764	10.836723936916034	39.175415601089675	0.0
87.0	39.168857102035616	11.044333230364217	10.84213729728734	38.944671498997714	8.713151136289446E-7
88.0	39.165925362402646	11.094689356643874	10.913755314520282	38.825622704368875	7.262064322944628E-6
89.0	39.23336299048339	11.095967984386274	10.973650761935527	38.69693865682402	7.960637078512667E-5
90.0	39.17716237394229	11.128696499477776	10.952333716596339	38.741755974386294	5.1435597306989044E-5
91.0	39.05482057236649	11.073055186876346	10.946797714442456	38.92531141164671	1.5114667995548278E-5
92.0	38.74655073168814	11.121224045585704	10.896145256627284	39.23607473286461	5.233234261231123E-6
93.0	38.69278712541478	11.117344613891266	10.876083687595544	39.31115286941486	0.0026317036835418486
94.0	38.85264878756087	11.07412637053065	10.87237078922548	39.198897799210776	0.0019562534722335737
95.0	39.055269825998174	11.066584356912252	10.95757420065352	38.91961133984661	9.602765894464073E-4
96.0	39.33632360474574	10.9745344980075	11.021422482607054	38.667683044358505	3.6370281200786186E-5
97.0	39.608126137811645	10.853615816438559	11.018474910775778	38.51978284395034	2.910236801603191E-7
98.0	39.53504694783339	10.847706133919582	11.036934286656253	38.580303025627956	9.605962822828029E-6
99.0	39.228480083318814	10.96703220130126	11.080708512762737	38.72377891145228	2.9116490606624145E-7
100.0	38.83422821535438	11.118894876225013	11.010269440902144	39.03660746751847	0.0
101.0	38.5455680263998	11.23514097085607	10.911127485350066	39.308160895008704	2.6223853626933927E-6
102.0	38.487204299646855	11.239117006235174	10.857047793912955	39.416626527509656	4.372695354515795E-6
103.0	38.623999296690165	11.162508931144213	10.830477405789505	39.383014366376116	0.0
104.0	38.800251325719124	11.085554733686788	10.792254355342438	39.32193870999549	8.752561506415965E-7
105.0	39.09270620413033	10.99304578708184	10.86117080824011	39.053065818857185	1.1381690537087384E-5
106.0	39.229820955091895	10.95523321624779	10.95265905212884	38.85989973411815	0.0023870424133181543
107.0	39.102559316224834	11.013891689221817	11.04616898672451	38.83525622093114	0.002123786897698394
108.0	38.83725650826599	11.135004081472887	11.029042940249544	38.998130657667026	5.65812344553136E-4
109.0	38.60602421831456	11.210212475052145	10.973974045674254	39.20970071877783	8.854218121460095E-5
110.0	38.49840514880366	11.250876770556133	10.919867673425742	39.33084309835688	7.308857586968389E-6
111.0	38.62001119222578	11.245948794462757	10.896989091878533	39.23701289303421	3.802839871302889E-5
112.0	38.597373423648236	11.285638253420997	10.812607206288414	39.30431232030213	6.87963402267442E-5
113.0	38.422477516517716	11.322002376982605	10.789556140112872	39.46401561998889	0.0019483463979155524
114.0	38.48477012721819	11.262758105439726	10.830218546420834	39.42202237718782	2.3084373343505555E-4
115.0	38.69019340725119	11.153268795108696	10.872109874580424	39.28311263111233	0.0013152919473531732
116.0	38.802537870477195	11.02189744752946	10.902874623390606	39.27263040893861	5.964966412346651E-5
117.0	38.84425519660753	10.964025550834323	10.914891208706374	39.27682774975039	2.941013858471984E-7
118.0	38.840756861045335	10.958585471299438	10.9119500506747	39.288701434410434	6.182570093681363E-6
119.0	38.80441017954816	11.021679394962138	10.927517090806646	39.24639274510373	5.89579328634168E-7
120.0	38.631760084765624	11.123000124593501	10.9743701989824	39.270867229472444	2.3621860222201154E-6
121.0	38.48922419831741	11.206138060153599	10.984965635210234	39.31966707752139	5.028797378607434E-6
122.0	38.42324103039828	11.252586441472562	11.015664353745224	39.308199917119104	3.082572648264127E-4
123.0	38.51632575550318	11.19086290236485	11.030661062947027	39.2621499821386	2.970463316827657E-7
124.0	38.85998919499238	11.03048851006665	11.032701752571759	39.076820542369205	0.0
125.0	39.14946493540404	10.928643991177356	11.085110519401953	38.836780554016656	0.0
126.0	39.388496963183236	10.885136750000877	11.081080109947845	38.64249639891014	0.002789777957900697
127.0	39.45316696513987	10.97660444275269	11.021965944911877	38.54659569256582	0.0016669546297409367
128.0	39.51921915021474	11.317293566791514	10.762647455711342	38.400685438010136	1.5438927226738003E-4
129.0	36.571117107678724	10.054389820741708	12.740642066767984	40.63384412105526	6.883756324479806E-6
