# Position (bp)	A	C	G	T	N
0.0	38.68585383913848	11.204936622262434	11.99054601317092	38.11860824096713	5.528446103436932E-5
1.0	39.181611407882194	11.075437686463738	11.91408975351165	37.81840655342493	0.010454598717493872
2.0	39.14191132927752	11.098176799558964	11.6604768955549	38.099434975608624	0.0
3.0	39.26680414806437	11.129840974616398	11.487688076815031	38.11566618623242	6.142717892707702E-7
4.0	39.188305434705775	11.154800680229837	11.291094076289657	38.36579980877474	0.0
5.0	38.45120109422936	11.273405505845815	11.321383511082704	38.954008967434426	9.214076839061553E-7
6.0	38.42410495133284	11.468367693362993	11.32387591886767	38.78356912401673	8.23124197622832E-5
7.0	38.66964719938626	11.357700180672076	11.411994742718035	38.56061549247017	4.238475345968315E-5
8.0	38.42645761228575	11.400193353102566	11.431258613165461	38.74208489300012	5.528446103436932E-6
9.0	38.98266321072444	11.227496982266981	11.62033116276711	38.1694782377879	3.0406453568903125E-5
10.0	38.560412782779714	11.380816763781807	11.469388305940866	38.58936433361573	1.7813881888852336E-5
11.0	38.27378527323682	11.470558186563531	11.267123348256943	38.98850370689683	2.948504588499697E-5
12.0	37.973432167698554	11.59973186544981	11.074171365170155	39.35266214459432	2.457087157083081E-6
13.0	37.918214662289216	11.45979430200014	11.046178078325402	39.575810807433975	2.1499512624476956E-6
14.0	37.8941241512576	11.538160639788147	11.194245221770176	39.37295522742467	5.147597594089055E-4
15.0	38.16657273222465	11.495107251485843	11.366405026197832	38.97184312029233	7.186979934468011E-5
16.0	38.377182879301714	11.687663336404446	11.311562840851737	38.623315442544616	2.7550089748794044E-4
17.0	38.51543334528215	11.602170524453213	11.550038199105488	38.33234871708231	9.214076839061552E-6
18.0	38.27848353101705	11.666595042576038	11.462198254647452	38.592524147699734	1.9902405972372953E-4
19.0	38.18788888472003	11.672230986242598	11.208323716908472	38.93148423519366	7.21769352393155E-5
20.0	38.34580246988127	11.613337870196876	10.988999662069475	39.051645309109006	2.1468874336916615E-4
21.0	38.068507237973336	11.671512957707785	10.90586345173511	39.35396739060795	1.4896197582476745E-4
22.0	38.3009592533366	11.58944286323865	10.967004886471948	39.14242069182927	1.723051235272477E-4
23.0	38.57709638984676	11.500222408161708	11.161147824220077	38.76146949253391	6.388523754212913E-5
24.0	38.60832163243103	11.472119898505214	11.247205127993988	38.67230389122858	4.944984118477078E-5
25.0	39.139068234836564	11.203335780671985	11.52591615039505	38.131678298379676	1.5357167259681633E-6
26.0	39.11883640339409	11.26857314458124	11.35111833794407	38.2614668926172	5.22146339411387E-6
27.0	38.85523106248728	11.30959410405031	11.424035399508146	38.411138819661026	6.142932431075799E-7
28.0	38.867070168673514	11.383131002075203	11.347287693697634	38.402511135553645	0.0
29.0	38.81775303530427	11.470170913308122	11.361491795855411	38.3505842555322	0.0
30.0	38.64215968528981	11.535742533193439	11.41170996643522	38.410325462925826	6.235215570553294E-5
31.0	38.629223033843886	11.556382006723972	11.20750403277815	38.60689000518504	9.214689512511226E-7
32.0	38.6544727555593	11.401410705187494	11.187295283225692	38.75680958397981	1.1672047711030814E-5
33.0	39.01435364386603	11.088824445233953	11.27028236208413	38.62650023205337	3.93167625158655E-5
34.0	39.26512541565509	11.003036290214837	11.329841249571277	38.4019807647917	1.6279767097228726E-5
35.0	39.25315509954386	10.957486100309561	11.52300332461452	38.26634318877763	1.2286754430564482E-5
36.0	39.20687817485092	11.071137256493236	11.498498378442852	38.174903751649495	0.0485824385634963
37.0	38.879321421731255	11.289814460565939	11.498002352053255	38.332859922588355	1.8430611894779022E-6
38.0	38.6185340049323	11.423314883922945	11.445405236213087	38.512744953386786	9.215448788178314E-7
39.0	38.71507260868571	11.421656748634426	11.496013575612665	38.36710224468736	1.5482237984041573E-4
40.0	38.43519456687333	11.57658875970298	11.357383189504128	38.630790476835756	4.300708380736355E-5
41.0	38.5319078638986	11.386334672911056	11.101129190413092	38.98062489357629	3.3792009585035938E-6
42.0	38.8261546992102	11.17103389847686	11.252449823841676	38.750335773106656	2.5805364616423176E-5
43.0	38.915349945337255	11.09931733360119	11.502820035753102	38.482506848258005	5.837050454106243E-6
44.0	38.86406643806061	11.222885719017956	11.45076642899885	38.462245161967715	3.6251954871305434E-5
45.0	38.98591860278687	11.156074936512933	11.484732199818666	38.3732718030659	2.457815634665418E-6
46.0	38.78544726610569	11.28993647156769	11.351507115740942	38.57310453807351	4.608512160989512E-6
47.0	38.73935235633323	11.295157523808449	11.401708735493244	38.56377278158962	8.602775461215916E-6
48.0	38.480119184645325	11.436380889738611	11.25902452765706	38.82447232544859	3.07251041309881E-6
49.0	38.500531716644346	11.329090968867307	11.399221644262667	38.771140307132804	1.53630928732763E-5
50.0	38.286883093600146	11.396431208989613	11.353506909918291	38.96317878749195	0.0
51.0	38.41770169072557	11.372470570284774	11.340746133278298	38.864901604388244	0.0041800013231088505
52.0	38.59744532271507	11.264245837257567	11.232517836955433	38.82668564854282	0.07910535452911296
53.0	38.6030744990223	11.271510386014258	11.153293470914202	38.97191943620199	2.022078472520201E-4
54.0	38.74440400758726	11.241500419044174	11.191200858799693	38.82289348529929	1.2292695861743533E-6
55.0	38.775575514695454	11.270257119566148	11.30554036802414	38.64859903074729	2.796696696755763E-5
56.0	38.591149365029246	11.341618647089177	11.33667904621864	38.730552941662935	0.0
57.0	38.70722724758668	11.21284884832272	11.521896734518226	38.55802686221648	3.0735589200999096E-7
58.0	38.86375829746063	11.17710421417852	11.536935849620498	38.422201638740354	0.0
59.0	38.84232567190623	11.175777947995783	11.435970068673566	38.54592538924458	9.221798435499762E-7
60.0	38.680033615915384	11.231492519264192	11.343043040864636	38.74542344586915	7.378086640607039E-6
61.0	38.60377432173736	11.262851080451487	11.204521686068606	38.92885291174255	0.0
62.0	38.586423563913904	11.346407571158638	11.306634762738232	38.76053317977861	9.224106162205631E-7
63.0	38.65915416045941	11.318165535861656	11.267824855315283	38.75485544836365	0.0
64.0	38.839743293376245	11.245325835101958	11.334273364420708	38.580326632230566	3.308748705194534E-4
65.0	39.05240669533611	11.149906996646457	11.412388656324126	38.38529765169331	0.0
66.0	39.427235556919335	11.060808178097748	11.59371684636341	37.91823941861951	0.0
67.0	39.39518254335952	11.130109999464814	11.639129680497655	37.835574085954384	3.6907236223728974E-6
68.0	38.997360786608695	11.32073312240427	11.485604756999034	38.19629149136441	9.842623584781443E-6
69.0	38.66551251218214	11.488977376280824	11.451381973424217	38.39412783050344	3.0760937715071824E-7
70.0	38.44022987490867	11.498546568909235	11.414642061117787	38.64658149506431	0.0
71.0	38.38002510379211	11.527535208511818	11.45135177358693	38.6410863756528	1.5384563408459625E-6
72.0	38.20408006332494	11.676156922588532	11.413290963252505	38.706469896681845	2.1541521826474614E-6
73.0	38.26103092061606	11.627248523984825	11.3646646852481	38.74705217688917	3.693261849347442E-6
74.0	38.52406200650347	11.547943274930363	11.457431416657727	38.47056145509828	1.846810162708223E-6
75.0	38.86255881570492	11.390406364272335	11.541367568851166	38.20566632768259	9.234889810187492E-7
76.0	38.81938613350236	11.360799879090026	11.5460290921753	38.27378304807528	1.8471570342973931E-6
77.0	38.63565329721697	11.420727304434743	11.411817163753108	38.531802234595176	0.0
78.0	38.475680690665484	11.499120333811097	11.348742196751118	38.676453083569214	3.6952030828956147E-6
79.0	38.462986424186596	11.541826092975281	11.278918089473434	38.71626939336469	0.0
80.0	38.34348518491783	11.63266384376523	11.236250529106886	38.78759736184335	3.080366699419795E-6
81.0	38.38958033393106	11.615151853075844	11.231977032371415	38.76329078062169	0.0
82.0	38.388230866455885	11.556213173451173	11.212619591040106	38.84293606089909	3.0815374469493684E-7
83.0	38.27040104148022	11.523761048170849	11.257410169858034	38.948424966596534	2.7738943684689333E-6
84.0	38.373447732702225	11.427858723939348	11.267347591412847	38.93134595194559	0.0
85.0	38.4521036568058	11.320578600008004	11.166910080906868	39.06040766227933	0.0
86.0	38.60641355806757	11.35177183270108	11.104365644409043	38.9374489648223	0.0
87.0	38.8075642973911	11.365163789942969	11.101310114934526	38.7259617977314	0.0
88.0	38.82110491157623	11.443051295910712	11.160038587566012	38.57579996064615	5.244300898674199E-6
89.0	38.96043114131521	11.425425915016906	11.241368745735185	38.372691195757476	8.300217522473811E-5
90.0	38.94823797409463	11.377251315852604	11.236245046151812	38.43821257779333	5.3086107626435094E-5
91.0	38.769588893825954	11.352966810799863	11.227096411766816	38.65033059465037	1.728895699763727E-5
92.0	38.404326845567454	11.39309237631909	11.170332810032019	39.03224271813463	5.249946801825827E-6
93.0	38.44505007805671	11.394293208784774	11.159995192784319	38.99795525292258	0.002706267451617878
94.0	38.64764320871599	11.342261946022367	11.164148369547856	38.84409821297432	0.0018482627394653096
95.0	38.92105045973409	11.297888263077233	11.286438505205972	38.493736434819084	8.863371636150746E-4
96.0	39.186046378993524	11.244453318134564	11.365698838630406	38.20376560622975	3.585801175726709E-5
97.0	39.39328839606649	11.129645842037963	11.371850585422361	38.10521486726841	3.0920478145368945E-7
98.0	39.2560602533896	11.16540240992081	11.384726104524356	38.193802262617325	8.96954790237163E-6
99.0	38.89942274446681	11.30511455545123	11.39302266106104	38.40243972962478	3.0939613698688467E-7
100.0	38.44334046336988	11.471564738351834	11.272678404754846	38.81241639352344	0.0
101.0	38.11373793468471	11.608203410590848	11.152676594748677	39.12537958258335	2.477392423824913E-6
102.0	38.172205868725314	11.561599189215158	11.098728954199965	39.16745917108371	6.816775851120401E-6
103.0	38.36593904006623	11.458278248628456	11.072805475814613	39.1029772354907	0.0
104.0	38.64374794702324	11.33456470298656	11.060762510309141	38.96092328884547	1.55083557919914E-6
105.0	38.934032140948226	11.232266628945364	11.164996050144934	38.66869214807871	1.3031882758703995E-5
106.0	38.940807016708845	11.244143654002203	11.264450637373052	38.54816736652966	0.002431325386238138
107.0	38.72805330817839	11.3542617735017	11.350790802440907	38.56495275686379	0.0019413590152152708
108.0	38.40284394444159	11.509975788170872	11.300870577447425	38.785809534112055	5.001558280527389E-4
109.0	38.21602023841276	11.559319895719703	11.220811001306892	39.00377147227272	7.739228793123775E-5
110.0	38.14679370910895	11.592904574581413	11.149301389921543	39.11099224031554	8.086072560129536E-6
111.0	38.24082684916712	11.59646113953776	11.121272900843742	39.04140176059325	3.734985812236206E-5
112.0	38.255183884465154	11.60093689231272	11.02379451481668	39.12003267544983	5.203295561769599E-5
113.0	38.18406638187399	11.590462516705207	11.002998110498687	39.220485966618234	0.0019870243038779822
114.0	38.30184657880969	11.494023493078178	11.086793355106897	39.11709882555666	2.3774744858326373E-4
115.0	38.5086577141095	11.364753227763774	11.150176086743858	38.97526245893233	0.0011505124505388738
116.0	38.56699794680226	11.260975024647141	11.170859186212132	39.001103640761805	6.420157666545153E-5
117.0	38.572576698522774	11.22876890342122	11.180532074388386	39.01812169649854	6.271690897757336E-7
118.0	38.578875844860285	11.218420252969777	11.143742331051719	39.05895654574947	5.0253687524505744E-6
119.0	38.54509994913802	11.280709461297999	11.145550965687043	39.0286386797272	9.441497291555439E-7
120.0	38.37541997417547	11.38678732483019	11.181924582060168	39.055865594937146	2.52399702794302E-6
121.0	38.22180866957728	11.47869402010529	11.206727207197826	39.092766939585495	3.163534109356054E-6
122.0	38.18198520446235	11.503285390733124	11.245024759553763	39.069406400830374	2.9824442038944556E-4
123.0	38.38631290883903	11.380162818649955	11.25920349527815	38.97432077723286	0.0
124.0	38.83889454430136	11.160650716259978	11.282576470410358	38.717878269028304	0.0
125.0	39.14814124541442	11.04892625231538	11.357244452637163	38.44568772874701	3.208860222700098E-7
126.0	39.354370522884125	11.043881870701828	11.383376229878984	38.215536289664634	0.0028350868704361963
127.0	39.39330361338564	11.166230084773844	11.346026830092729	38.09289603832569	0.0015434334220981987
128.0	39.45457771793703	11.556466750445123	11.070891969836696	37.91792410455019	1.3945723096290774E-4
129.0	36.34874064896582	10.205068891485785	13.167826802121283	40.2783575099556	6.147471509620131E-6
