#Position (bp)	insert size
3874904.0	250.56610721088626
1.1624711E7	253.56740774120627
1.9374518E7	252.60287738658909
2.7124325E7	256.7285155052677
3.4874132E7	250.51434330143107
4.2623939E7	256.19232008368994
5.0373746E7	249.67069566696432
5.8123553E7	250.5139137714888
6.587336E7	250.39148722551397
7.3623167E7	243.58136425018938
8.1372974E7	244.094750534055
8.9122781E7	250.1732561442067
9.6872588E7	248.4110873363191
1.04622395E8	243.39846764373632
1.12372202E8	253.1883576756018
1.20122009E8	294.52732786829176
1.27871816E8	339.6103741844238
1.35621623E8	0.0
1.4337143E8	315.0977868466489
1.51121237E8	257.89817036847927
1.58871044E8	257.6361594130778
1.66620851E8	248.98003222436833
1.74370658E8	248.14494695814963
1.82120465E8	250.79118322283188
1.89870272E8	244.6844160040882
1.97620079E8	247.8346931263994
2.05369886E8	253.70710991840463
2.13119693E8	246.57594249209367
2.208695E8	247.86865494919806
2.28619307E8	253.4416737100478
2.36369114E8	248.9440899076664
2.44118921E8	250.78080210123252
2.484751235E8	250.9383879016243
2.52350027E8	243.6068104391065
2.59618535E8	251.89431026590563
2.67368342E8	245.50274591571875
2.75118149E8	252.0329957904249
2.82867956E8	250.08371754428538
2.90617763E8	250.94789454739595
2.9836757E8	247.0926118960181
3.06117377E8	248.1908313244714
3.13867184E8	253.81198880992645
3.21616991E8	251.67040409950343
3.29366798E8	241.18040184882898
3.37116605E8	257.66423077796964
3.44866412E8	266.27976764236143
3.52616219E8	249.88333587365608
3.60366026E8	254.21092610551065
3.68115833E8	245.96879647252138
3.7586564E8	246.40860560086037
3.83615447E8	246.81431386274662
3.91365254E8	245.84728401801556
3.99115061E8	246.32765361413195
4.06864868E8	247.1596525353888
4.14614675E8	245.35135238083146
4.22364482E8	251.00052404330754
4.30114289E8	245.90398876566604
4.37864096E8	246.57347643152983
4.45613903E8	245.80659137361607
4.5336371E8	251.8395009442
4.61113517E8	242.59145509008147
4.68863324E8	248.3356705475738
4.76613131E8	248.4857931734709
4.84362938E8	249.9252981273242
4.896938965E8	251.57313021851127
4.935688E8	244.82822573267788
4.99862552E8	249.13053953839665
5.07612359E8	252.5423174184624
5.15362166E8	244.47764859654671
5.23111973E8	248.6079739420122
5.3086178E8	252.34868205184293
5.38611587E8	255.9376786213427
5.46361394E8	251.4573121302361
5.54111201E8	245.4027796385661
5.61861008E8	248.16117377712533
5.69610815E8	241.53610279249534
5.77360622E8	240.5744745635051
5.85110429E8	245.37283863264494
5.92860236E8	245.65189715386387
6.00610043E8	246.97874359573217
6.0835985E8	246.12404521577466
6.16109657E8	253.09321404103625
6.23859464E8	250.64331841797184
6.31609271E8	249.24938183044696
6.39359078E8	247.790913547251
6.47108885E8	248.65308480494497
6.54858692E8	244.08283395172924
6.62608499E8	250.46999179194003
6.70358306E8	245.80199949190788
6.78108113E8	253.56403324570584
6.857142635E8	255.18326682982817
6.89589167E8	261.75694747562926
6.93607727E8	252.08222829044155
7.01357534E8	247.64914547580523
7.09107341E8	242.3933381003456
7.16857148E8	243.77602213620418
7.24606955E8	245.69925446664269
7.32356762E8	246.26644570998988
7.40106569E8	251.76938632058975
7.47856376E8	244.6817008366926
7.55606183E8	242.3158296131669
7.6335599E8	248.1596592737238
7.71105797E8	248.8440113622887
7.78855604E8	248.49444078602036
7.86605411E8	245.42032975040402
7.94355218E8	248.37625971560476
8.02105025E8	244.7664508421775
8.09854832E8	246.88071624639286
8.17604639E8	243.6359569993488
8.25354446E8	244.04712154528912
8.33104253E8	248.1224525156009
8.4085406E8	246.44650611597726
8.48603867E8	244.05259775189845
8.56353674E8	244.85461934730588
8.64103481E8	242.23788805675449
8.71853288E8	246.79220934833614
8.776941285E8	243.75601471504297
8.81569032E8	246.72676392882852
8.87352902E8	244.13435415971736
8.95102709E8	244.6067921263249
9.02852516E8	241.8178378813491
9.10602323E8	246.46541856861802
9.1835213E8	247.47881704057488
9.26101937E8	249.51496575984015
9.33851744E8	250.45718502726416
9.41601551E8	247.4721857656313
9.49351358E8	250.5786671480922
9.57101165E8	251.3002651487509
9.64850972E8	245.15689436038886
9.72600779E8	247.60298742138366
9.80350586E8	243.34815037723277
9.88100393E8	244.63582506069193
9.958502E8	244.92987667075613
1.003600007E9	244.41467663933196
1.011349814E9	249.95919829395888
1.019099621E9	252.1915287100422
1.026849428E9	249.58469426418606
1.034599235E9	246.44963578641892
1.042349042E9	243.72339310987078
1.050098849E9	249.41173223903564
1.0575860385E9	252.724300953788
1.061460942E9	256.174714843649
1.065598463E9	254.09768218356353
1.07334827E9	251.77916646175967
1.081098077E9	250.59465081420603
1.088847884E9	254.93631774005812
1.096597691E9	256.98554373879165
1.104347498E9	251.0573470735138
1.112097305E9	245.78048488319095
1.119847112E9	248.2661601580307
1.127596919E9	241.05144588352294
1.135346726E9	244.28690896069614
1.143096533E9	244.41804023238652
1.15084634E9	245.35119768517137
1.158596147E9	241.38634763755138
1.166345954E9	247.63600078308306
1.174095761E9	250.14906752303546
1.181845568E9	243.43832872519982
1.189595375E9	246.4153071286618
1.197345182E9	250.93642405525532
1.205094989E9	248.94717546828153
1.212844796E9	249.1023624176251
1.220594603E9	250.08663465386155
1.228236905E9	247.1703941902047
1.2321118085E9	260.7917138899383
1.236094217E9	255.22760220079724
1.243844024E9	243.0852261228026
1.251593831E9	247.45773864826202
1.259343638E9	249.4985260694435
1.267093445E9	249.81075718067737
1.274843252E9	247.78172876470836
1.282593059E9	245.1615142764794
1.290342866E9	256.0270776903926
1.298092673E9	248.50044625507564
1.30584248E9	254.5017956475296
1.313592287E9	244.23470087352533
1.321342094E9	246.93813790989103
1.329091901E9	249.04837617811705
1.336841708E9	252.17094593130872
1.344591515E9	243.71380553688198
1.352341322E9	243.0159705978395
1.360091129E9	250.46434189033857
1.367840936E9	250.33525515533532
1.375590743E9	249.72560620994892
1.38334055E9	250.78752768711286
1.389282865E9	248.76690864987432
1.3931577685E9	247.77838424513166
1.398840164E9	247.1477036419312
1.406589971E9	246.1524847898597
1.414339778E9	248.88998871197595
1.422089585E9	248.4057619285104
1.429839392E9	246.38011023062074
1.437589199E9	248.01556451025763
1.445339006E9	243.84543742269202
1.453088813E9	246.1709028121221
1.46083862E9	245.5060371836901
1.468588427E9	244.93158778412342
1.476338234E9	243.73350728791266
1.484088041E9	246.1098500838572
1.491837848E9	250.74195259471725
1.499587655E9	246.72513000153697
1.507337462E9	243.91055851346863
1.515087269E9	251.20131669305457
1.522837076E9	249.6757048334544
1.530586883E9	246.00651773174158
1.5354753495E9	259.46684680020957
1.539350253E9	249.03828484461127
1.546086497E9	243.83607816366583
1.553836304E9	246.00498936173148
1.561586111E9	242.92908188585608
1.569335918E9	250.50019349744008
1.577085725E9	260.3879739847295
1.584835532E9	362.46044592557325
1.592585339E9	0.0
1.600335146E9	265.7443337163688
1.608084953E9	247.97525829659682
1.61583476E9	246.28809872310143
1.623584567E9	249.83538625152835
1.631334374E9	251.66132153661692
1.639084181E9	247.13623914542666
1.646833988E9	251.46117884215056
1.654583795E9	246.80263753639943
1.662333602E9	256.5707828430305
1.670083409E9	254.8324613352844
1.674420971E9	254.56082853115913
1.6782958745E9	251.12054873839165
1.685583023E9	250.16761476143495
1.69333283E9	248.85845884441022
1.701082637E9	250.4906941928125
1.708832444E9	250.19838403302822
1.716582251E9	255.3321395135865
1.724332058E9	252.50768279277898
1.732081865E9	242.42494722622416
1.739831672E9	246.57879350937824
1.747581479E9	255.01105361106238
1.755331286E9	248.1504317483511
1.763081093E9	248.51135137610945
1.7708309E9	251.29028499553144
1.778580707E9	250.7366078940144
1.786330514E9	249.16653454038124
1.794080321E9	245.98237201030486
1.801830128E9	247.36532527011528
1.8071930415E9	249.78545868358233
1.811067945E9	257.45152756144375
1.817329742E9	250.77140061497963
1.825079549E9	247.55667217030137
1.832829356E9	242.3371844660194
1.840579163E9	248.63463339020433
1.84832897E9	242.77391059738133
1.856078777E9	252.03985123684222
1.863828584E9	258.5522269592723
1.871578391E9	258.91515022117113
1.879328198E9	257.0043283931572
1.887078005E9	250.12459484812626
1.894827812E9	245.99451851942132
1.902577619E9	245.7267374658961
1.910327426E9	243.4139770231571
1.918077233E9	246.27695223110229
1.92582704E9	249.17614386355208
1.933576847E9	248.76659646532633
1.940609712E9	244.685239294967
1.9444846155E9	258.10162212087977
1.949076461E9	254.66043378580832
1.956826268E9	250.72500608703936
1.964576075E9	245.44415328114178
1.972325882E9	250.79837229880167
1.980075689E9	253.52541535143394
1.987825496E9	248.35603273561958
1.995575303E9	254.1789508928129
2.00332511E9	251.1393980184797
2.011074917E9	249.73615521770782
2.018824724E9	244.7726221250083
2.026574531E9	241.66891844319855
2.034324338E9	247.2398174985931
2.042074145E9	246.14016053773616
2.049823952E9	249.98845056762474
2.057573759E9	250.40410436049552
2.065323566E9	255.57391453746655
2.073073373E9	246.6212621497556
2.0769956295E9	248.75178006329114
2.080870533E9	0.0
2.088572987E9	0.0
2.096322794E9	267.4747724649128
2.104072601E9	250.38618965821493
2.111822408E9	244.66639972013982
2.119572215E9	251.8639051395625
2.127322022E9	252.11572888384768
2.135071829E9	241.98109961712072
2.142821636E9	242.0032779855439
2.150571443E9	246.3126986006355
2.15832125E9	242.93904317171902
2.166071057E9	242.49781981541233
2.173820864E9	248.81627525446623
2.181570671E9	242.0444496758426
2.1884264425E9	253.46349364827051
2.192301346E9	0.0
2.197070285E9	0.0
2.204820092E9	244.00953029271614
2.212569899E9	255.90842768161326
2.220319706E9	244.04494484843534
2.228069513E9	246.69499901623786
2.23581932E9	241.00852230965037
2.243569127E9	250.79606987235155
2.251318934E9	248.62208590247005
2.259068741E9	254.67748446837402
2.266818548E9	251.9655478431102
2.274568355E9	243.37135012824427
2.282318162E9	252.85149858133474
2.290067969E9	248.1199738353023
2.2961969505E9	255.88850259056179
2.300071854E9	0.0
2.305567583E9	0.0
2.31331739E9	273.96133993468874
2.321067197E9	250.00777685393166
2.328817004E9	249.99129009980805
2.336566811E9	251.8089332950183
2.344316618E9	249.7641260982749
2.352066425E9	251.13788143322475
2.359816232E9	253.3025862291805
2.367566039E9	252.82755712846716
2.375315846E9	252.55584535047424
2.383065653E9	249.25555877024067
2.39081546E9	251.71869977740917
2.3975662905E9	251.41093102585538
2.401441194E9	257.8609713318011
2.406315074E9	250.83419831146523
2.414064881E9	254.78647365324818
2.421814688E9	251.16491033590836
2.429564495E9	256.87350416905593
2.437314302E9	261.8917491987634
2.445064109E9	277.1649238942531
2.452813916E9	245.4117054469943
2.460563723E9	248.03362519939168
2.46831353E9	253.44577531322346
2.476063337E9	248.38075816133542
2.483813144E9	252.26073529836938
2.489234305E9	261.78042160941834
2.4931092085E9	260.18229203396015
2.499312758E9	251.44909516737562
2.507062565E9	253.71441519410286
2.514812372E9	250.9474867541705
2.522562179E9	254.42939966960049
2.530311986E9	256.05876659959756
2.538061793E9	256.76559778038086
2.5458116E9	248.44214675325307
2.553561407E9	255.32165032271544
2.561311214E9	249.9636973586907
2.569061021E9	258.5918230625802
2.573486964E9	263.15088723394473
2.5773618675E9	246.9305312152562
2.584560635E9	249.9412789012508
2.592310442E9	274.9438906330127
2.600060249E9	246.11244594726404
2.607810056E9	245.20049887892375
2.615559863E9	243.50863215017912
2.62330967E9	246.91015319158268
2.631059477E9	246.06105517205586
2.638809284E9	244.8089380115001
2.646559091E9	244.73002524618724
2.6524226415E9	250.6059204672206
2.656297545E9	263.77289627546725
2.662058705E9	258.87357340321114
2.669808512E9	259.72564678509104
2.677558319E9	250.35290176832592
2.685308126E9	245.17276133196543
2.693057933E9	256.88352611136764
2.70080774E9	257.2415757153302
2.708557547E9	253.8070498476579
2.7127306775E9	261.838977552874
2.716605581E9	253.87181465986183
2.724057161E9	244.92435710604911
2.731806968E9	246.62223216489045
2.739556775E9	250.84904239571432
2.747306582E9	254.31499357966158
2.755056389E9	248.17119842274616
2.762806196E9	253.07060957416084
2.770556003E9	246.47422500552807
2.775951989E9	253.60000549275938
2.7798268925E9	0.0
2.786055617E9	257.3440268600303
2.793805424E9	247.13979699565093
2.801555231E9	242.01973188298643
2.809305038E9	249.8064464481948
2.817054845E9	250.84926737037975
2.8225564015E9	257.2104485030243
2.826431305E9	0.0
2.832554459E9	252.12028124530005
2.840304266E9	256.6682994720596
2.848054073E9	255.46228902813667
2.85580388E9	252.81895390416003
2.863553687E9	259.8788486722018
2.8712150565E9	250.912151034611
2.87508996E9	269.7480916030534
2.879053301E9	247.59571592137905
2.886803108E9	247.44670327461995
2.894552915E9	246.62968431306888
2.902302722E9	244.6220896524366
2.910052529E9	242.9915986716953
2.917802336E9	248.4081829676915
2.925552143E9	248.52937432210166
2.93330195E9	249.63390038284356
2.941051757E9	246.17592659996387
2.948801564E9	246.82369526893228
2.956551371E9	245.09736637433957
2.964301178E9	246.50045428100069
2.972050985E9	242.55658892919882
2.979800792E9	244.918830136696
2.987550599E9	243.99520940889673
2.995300406E9	246.08350764279967
3.003050213E9	244.50665990894865
3.01080002E9	245.12539756196753
3.018549827E9	243.03904495775393
3.026299634E9	248.57782363754967
3.0306084775E9	251.93559799804407
3.034483381E9	234.65805877114872
3.041799248E9	212.79460791419046
3.049549055E9	243.1139240506329
3.057298862E9	227.27177700348432
3.065048669E9	0.0
3.072798476E9	0.0
3.080548283E9	0.0
3.0863465095E9	249.85311935381017
3.088278117E9	214.8476527900797
3.088373929E9	262.4985159817352
3.0884774725E9	265.24123120973513
3.0885573295E9	257.22944896115627
3.0886546005E9	304.31691579739754
3.0887081185E9	258.59043250327653
3.0887493115E9	275.497502270663
3.088858438E9	266.7708333333333
3.088966832E9	275.15661764705885
3.089008063E9	265.2378089512358
3.089109657E9	358.7857587064677
3.089267292E9	386.5729216152019
3.08942189E9	283.93549524145226
3.089604443E9	257.4035869790587
3.089755642E9	254.66364503816794
3.0898220175E9	303.06410256410254
3.0898610755E9	265.3625498007968
3.089968525E9	260.6009987945583
3.0900764725E9	243.07311636201516
3.0901461555E9	280.4332688588008
3.090297168E9	263.6124863306492
3.090503609E9	235.54931222803071
3.0907062205E9	251.46530727839138
3.09089898E9	263.7204803202135
3.091013772E9	244.4376130198915
3.091052607E9	250.44430118617845
3.0911587895E9	258.4115163796015
3.091267064E9	269.0833333333333
3.0915130575E9	274.964996568291
3.0919550875E9	261.48604269293924
3.092891467E9	260.8463319230462
3.093702736E9	248.78229398663697
3.093935951E9	253.20408163265307
3.094132646E9	253.11046285492026
3.0942642985E9	284.1377364752738
3.094360447E9	250.8360253526886
3.0944711045E9	289.7861439783276
3.0946435155E9	276.55385830919147
3.094747446E9	244.94982078853047
3.0948598115E9	249.07460595446585
3.0950026905E9	274.59916974169744
3.095104297E9	261.62967992240544
3.095190977E9	255.93926247288502
3.0952465895E9	0.0
3.0952663465E9	255.37037037037038
3.095268566E9	352.65555555555557
3.0952706195E9	262.22185430463577
3.0952723265E9	270.58181818181816
3.0952838005E9	278.9325513196481
3.0952967465E9	276.4719101123595
3.095299555E9	252.08664772727272
3.0953008775E9	252.327868852459
3.0953027375E9	264.25773195876286
3.0953043745E9	218.89285714285714
3.095311073E9	379.175799086758
3.0953361175E9	238.65612648221344
3.095355552E9	248.36170212765958
3.0953574645E9	251.89361702127658
3.095360032E9	274.53389830508473
3.095361791E9	284.6585365853659
3.095363378E9	280.10687022900765
3.095365611E9	273.358024691358
3.0953678415E9	266.7142857142857
3.095369933E9	228.4673913043478
3.095371677E9	276.44621513944224
3.09537289E9	291.94545454545454
3.0953743225E9	230.14285714285714
3.095375945E9	244.5744680851064
3.095572656E9	242.06525998492842
3.095769303E9	217.58893280632412
3.0957708065E9	282.66824644549763
3.0957736535E9	240.40906515580735
3.095822105E9	237.7615766704054
3.095924849E9	270.18678418890613
3.095983129E9	243.78070175438597
3.095986364E9	228.73103448275862
3.0959887305E9	240.91134020618557
3.0959909825E9	228.55555555555554
3.095993051E9	246.2068181818182
3.0959946765E9	229.0281690140845
3.096006671E9	248.73886010362693
3.0960870785E9	230.40525398406373
3.0961589785E9	246.5737704918033
3.096165879E9	252.24444444444444
3.096173123E9	234.8689591078067
3.09617898E9	235.41979166666667
3.096183283E9	234.16264090177134
3.096185859E9	265.16923076923075
3.0961883E9	327.22222222222223
3.0961908755E9	299.57142857142856
3.096192456E9	0.0
3.096238607E9	259.0278518009112
3.0962848625E9	343.45255474452557
3.096286263E9	343.5
3.0962877625E9	231.66438356164383
3.096289947E9	233.88257107540173
3.096292208E9	252.54929577464787
3.0962965075E9	262.64102564102564
3.096315547E9	273.4390243902439
3.0963533005E9	245.44510638297874
3.09637788E9	232.17965169569203
3.096382479E9	231.43358395989975
3.0963879875E9	279.2155172413793
3.0963943185E9	240.26127527216175
3.096398918E9	243.13953488372093
3.0964033365E9	228.7005076142132
3.0964070605E9	241.06290956749672
3.0964084065E9	225.54166666666666
3.0964096105E9	0.0
3.096411644E9	244.5
3.0964135175E9	0.0
3.0964147555E9	0.0
3.0964161835E9	0.0
3.0964174105E9	185.95454545454547
3.096418484E9	264.3237597911227
3.096419946E9	248.82456140350877
3.096422275E9	297.0
3.0964254675E9	255.56382978723406
3.0964313925E9	238.875
3.0964360765E9	260.4
3.096437123E9	0.0
3.0964382945E9	229.0
3.096440137E9	315.97058823529414
3.096442099E9	375.5
3.096443439E9	338.3859649122807
3.0964449505E9	349.9387755102041
3.0964464985E9	315.0
3.0964475915E9	0.0
3.0964489705E9	259.22222222222223
3.0964506065E9	240.76363636363635
3.0964522235E9	328.6818181818182
3.0964537525E9	207.5
3.0964552355E9	242.93406593406593
3.09645655E9	243.03703703703704
3.0964580005E9	338.1666666666667
3.0964594605E9	237.55555555555554
3.096462063E9	265.2416666666667
3.0964647385E9	0.0
3.0964666345E9	0.0
3.0964687875E9	0.0
3.096470338E9	0.0
3.0964722525E9	145.0
3.096474844E9	321.6
3.0964802425E9	244.19489247311827
3.0964880595E9	255.07901907356947
3.0965833285E9	259.4246544555568
3.0967643755E9	248.3748668796592
3.0969348755E9	291.75778324596126
3.097105623E9	269.6678303987047
3.0972741855E9	260.9569536423841
3.0973604055E9	350.75445791726105
3.097450029E9	266.5441640378549
3.0976374775E9	262.3749311294766
3.0978270425E9	260.78943536644556
3.097932224E9	287.1726618705036
3.0979864125E9	248.02239899518526
3.098119023E9	301.9192849404117
3.098265051E9	299.6977777777778
3.098391091E9	261.89057327060465
3.0985448955E9	255.53595890410958
3.0986946915E9	253.31031670517874
3.098783935E9	0.0
3.0988292795E9	267.29576152771307
3.098880847E9	266.6570256853011
3.098919304E9	270.8817204301075
3.0989774605E9	277.6038671294001
3.099052881E9	237.08011472275334
3.0991573655E9	270.42117476432196
3.099319594E9	264.3948965688096
3.0995012675E9	247.4303466734642
3.099670145E9	259.622555410691
3.09983663E9	0.0
