# Position (bp)	A	C	G	T	N
0.0	38.36568615087396	11.59365891811213	12.400118081160281	37.640471983322804	6.486653082678894E-5
1.0	38.87264885073292	11.439405304715343	12.338092971874556	37.33932242668821	0.010530445988963355
2.0	38.746718505858176	11.44887749003386	12.055053548792397	37.749350455315565	0.0
3.0	38.96224223562004	11.484890451730923	11.85514359423682	37.697723384048665	3.3436356096282953E-7
4.0	38.878461426876704	11.505521686533012	11.631061494768554	37.984955391821735	0.0
5.0	38.025535759761546	11.633872154862008	11.680043750268243	38.6605466632904	1.671817804814148E-6
6.0	38.01911898866311	11.846801223390797	11.654702670346431	38.47930021398064	7.69036190214508E-5
7.0	38.32948962358193	11.72752203847072	11.765362631392007	38.17758223929242	4.3467262925167846E-5
8.0	38.08099396870996	11.765958132894081	11.817174940071684	38.335867942870856	5.015453414442444E-6
9.0	38.75064995260798	11.544731163872878	12.02786678201407	37.67672668987444	2.5411630633175046E-5
10.0	38.242181613633996	11.735131484391113	11.902705138965976	38.11996103246813	2.0730540779695434E-5
11.0	37.87209632163571	11.873110285821594	11.67496911450351	38.579790172955974	3.4105083218208616E-5
12.0	37.6197260618193	11.982677881113506	11.452179998925489	38.94541304886965	3.009272048665466E-6
13.0	37.54110281100382	11.829683146523744	11.417309891879798	39.21190147568415	2.6749084877026363E-6
14.0	37.46340140052591	11.911765388377386	11.52950725657868	39.09481839063248	5.075638855415752E-4
15.0	37.753171896453814	11.82726502925086	11.701593147408737	38.71790071362947	6.921325711930572E-5
16.0	37.9914814998046	12.027735711498174	11.63916212076	38.34133779636465	2.828715725745538E-4
17.0	38.19316424996041	11.909254986761677	11.960671408985176	37.93689832029523	1.1033997511773375E-5
18.0	37.9035565890867	11.98600680472645	11.856270065073703	38.25397662261052	1.8991850262688718E-4
19.0	37.857777870864595	11.997828562787854	11.59433600432308	38.54999236113009	6.520089438775177E-5
20.0	38.088367351179755	11.947578417385428	11.360361491629442	38.6034927893884	1.9995041697770297E-4
21.0	37.658722445862374	12.036397092408986	11.289387490612183	39.01533414673041	1.5882438604067928E-4
22.0	37.8801622067323	11.954679852382997	11.317008212111883	38.84798923160288	1.604971699433713E-4
23.0	38.14812555456298	11.899235115202309	11.485338752857253	38.46723470625297	6.587112448910924E-5
24.0	38.12332086335889	11.887837519342428	11.569121929273836	38.419669531979025	5.0156045824141714E-5
25.0	38.7810884873799	11.52782018086847	11.887180710996633	37.803906608239764	4.012515235645741E-6
26.0	38.811053338467346	11.581613290111287	11.670824350038364	37.93650300255559	6.01882741378202E-6
27.0	38.49626098375833	11.615119858946713	11.771766410604261	38.11685241230808	3.3438261483259084E-7
28.0	38.51545338220161	11.679512227979947	11.687311133272193	38.11772325654624	0.0
29.0	38.422243308314755	11.80210682426884	11.694003900502441	38.08164596691396	0.0
30.0	38.29702271900624	11.852739023675854	11.777394341501141	38.072773357715896	7.055810086752021E-5
31.0	38.28996238272059	11.882898891480371	11.536837256461823	38.290300466122375	1.0032148420900712E-6
32.0	38.23508794322477	11.745184129020066	11.47685882940624	38.54285873159761	1.0366751316430275E-5
33.0	38.595321139949554	11.445005511562641	11.555317693569625	38.40430749870118	4.815621700222727E-5
34.0	38.865093474877874	11.363469949082388	11.644497166804646	38.1269230223989	1.6386836189624092E-5
35.0	38.853885888934066	11.293535677813052	11.833880707028898	38.018682007874176	1.5718349805901958E-5
36.0	38.8561932877419	11.388228307358105	11.75621970327382	37.948811539186195	0.05054716243997644
37.0	38.42253872931927	11.58678176173214	11.749697042234407	38.24098179781142	6.689027595389363E-7
38.0	38.228735578308495	11.737164605173096	11.72259172813518	38.311507419457705	6.689255255980307E-7
39.0	38.43835468682386	11.708515448889962	11.80830439178381	38.04467495824935	1.5051425301742947E-4
40.0	38.085565008803776	11.912783608289647	11.643859062894755	38.357746829212694	4.549079912797082E-5
41.0	38.15905952415789	11.741007622028054	11.397601437565012	38.702329409209234	2.0070398125649604E-6
42.0	38.43057898463285	11.509202008397239	11.536245373893328	38.52394921302659	2.4420049989046604E-5
43.0	38.50677471575403	11.429635098616425	11.802188915463722	38.2613959175974	5.352568430295813E-6
44.0	38.459664415532316	11.55616598733005	11.744835444185862	38.23929233420524	4.181874653245226E-5
45.0	38.58718734611057	11.479363313499318	11.760721075829785	38.172726926300456	1.3382598693905207E-6
46.0	38.372885246359964	11.615726320871003	11.61562761978202	38.395757467187394	3.345799626604747E-6
47.0	38.36785388428776	11.573070371677016	11.670555211548253	38.388510829206886	9.703280085758526E-6
48.0	38.17314305427798	11.726946387897968	11.552105504960144	38.54780036827557	4.684588340126544E-6
49.0	38.26754096572282	11.578281798395043	11.731595175811428	38.422565997623934	1.6062446777459067E-5
50.0	38.01382821369525	11.664362002311988	11.688041371874853	38.63376841211791	0.0
51.0	38.08996022812236	11.66740541411067	11.67311436332532	38.56546335395445	0.004056640487206505
52.0	38.22695571738029	11.575842663798685	11.522414758442878	38.59697985837251	0.0778070020056333
53.0	38.1580468089494	11.591187268248532	11.45714640563254	38.793398937963005	2.2057920652036154E-4
54.0	38.334797794189456	11.553015021111523	11.483719958263158	38.628467226435866	0.0
55.0	38.43963412554351	11.557348520821677	11.599102388260759	38.40387579852707	3.916684698201484E-5
56.0	38.23577576922492	11.663557219551674	11.616502727696194	38.48416428352721	0.0
57.0	38.39380892076574	11.493846705480616	11.830675261093397	38.28166844305092	6.696093228688217E-7
58.0	38.57413646525943	11.448653478107511	11.842990080749473	38.13421997588359	0.0
59.0	38.51933145174682	11.453747911375652	11.778095499950124	38.24882446719734	6.697300588368907E-7
60.0	38.352094159522146	11.517658510642395	11.624575276259861	38.50566368092289	8.372652705882275E-6
61.0	38.230379886826235	11.561174524519847	11.481886927117868	38.726558661536046	0.0
62.0	38.17410560307088	11.665294449149146	11.609086485680452	38.55151279213958	6.699599328787242E-7
63.0	38.327858829592174	11.629461418037524	11.565177887544234	38.477501529818845	3.3500722036036933E-7
64.0	38.46761643063516	11.555513435161162	11.63469589023318	38.3418385405408	3.357034297000181E-4
65.0	38.67402139242745	11.469812970814969	11.686910203294842	38.16925543346274	0.0
66.0	39.01019476847686	11.388755780272655	11.85537257493738	37.745676876313105	0.0
67.0	38.97928241156846	11.437522558501568	11.926431289086379	37.65676105989562	2.680947969261001E-6
68.0	38.686541677510334	11.622875755065042	11.806708658226158	37.88386519527728	8.71392118654435E-6
69.0	38.359518893618855	11.778402698414531	11.759257587338379	38.102819815054886	1.0055733534404205E-6
70.0	38.140700349271185	11.786864128936948	11.694551435704108	38.377883750842884	3.3524487390221674E-7
71.0	38.11431683264401	11.814138548750307	11.716849106989324	38.354694505690695	1.0059256633072985E-6
72.0	37.92960645861449	11.973029611356719	11.692690418459836	38.40467015785223	3.353716720503043E-6
73.0	38.019383007295716	11.90207507270959	11.649234075570208	38.429305831887994	2.012536492317947E-6
74.0	38.18891578557791	11.85746963072268	11.72429270995778	38.22931717723165	4.696509981834839E-6
75.0	38.520217878308785	11.690354182426917	11.815937303353326	37.97348996490505	6.710059278005674E-7
76.0	38.50254326915671	11.673409757968887	11.822320280421582	38.001724008116774	2.6843360492248712E-6
77.0	38.42114733540045	11.681443481613742	11.717464492274814	38.17994469071099	0.0
78.0	38.28403264576889	11.74372432509563	11.676551113065607	38.295686545918315	5.37015155782693E-6
79.0	38.24514912731912	11.804874338799268	11.599828330607947	38.35014820327367	0.0
80.0	38.05204250596751	11.941312746861254	11.531974832289805	38.474663535386924	6.379494504972043E-6
81.0	38.0833430980891	11.926761077467113	11.518254026942907	38.47164179750088	0.0
82.0	38.050264755535956	11.906817797556377	11.502736716801857	38.5401803941926	3.359132061008543E-7
83.0	37.94847130059287	11.869158468096575	11.51999240559001	38.662375473802676	2.351917866888713E-6
84.0	37.99669734402493	11.79240919021817	11.516154144888631	38.69473932086827	0.0
85.0	38.03061829188011	11.717491457327348	11.43571352410857	38.81617672668397	0.0
86.0	38.260992805714864	11.719999824375641	11.386551225789782	38.632456144119715	0.0
87.0	38.537268771860695	11.685000928166502	11.391892920379817	38.385837379592985	0.0
88.0	38.54442231874244	11.743699129335374	11.471606280415303	38.24026655391394	5.7175929430131515E-6
89.0	38.65282034849194	11.72095402435535	11.542551525884047	38.08359706254929	7.703871936430852E-5
90.0	38.58120683122559	11.743360729250735	11.519801525333264	38.15558851301194	4.2401178467394735E-5
91.0	38.447538973061704	11.69442425597003	11.523521349096667	38.334501283197454	1.413867414253326E-5
92.0	38.09408665854681	11.754297974459808	11.47562726771603	38.67598506850561	3.0307717488483775E-6
93.0	38.08669119520866	11.755201075435998	11.463184287594189	38.69226161154545	0.002661830215708765
94.0	38.27062596987657	11.700465077111387	11.458882449342145	38.568052651197235	0.0019738524726623115
95.0	38.493616881552924	11.686849742850594	11.562495113880018	38.256051389765965	9.86871950502898E-4
96.0	38.7694620891879	11.609969188365326	11.632591156690996	37.9879418280491	3.573770667562492E-5
97.0	39.05141360632605	11.471866856261531	11.633351966446853	37.84336757096557	0.0
98.0	38.93271638417721	11.482533006896695	11.654776889117018	37.92996427343243	9.446376642683991E-6
99.0	38.57544361151114	11.63336316828941	11.679192571439515	38.11200064875994	0.0
100.0	38.147012230981545	11.797692983168647	11.57081031086326	38.48448447498655	0.0
101.0	37.81709272333201	11.939852903446564	11.469605445119663	38.77344690084101	2.0272607510148282E-6
102.0	37.80519516509613	11.925310519557355	11.425298117277045	38.8441914643747	4.733694774823279E-6
103.0	37.99460661840809	11.822092264006583	11.401858771638523	38.7814423459468	0.0
104.0	38.20047534532013	11.724413575007143	11.374198542787772	38.700911182690376	1.354194583529068E-6
105.0	38.502000308410146	11.635221950353378	11.469250049899788	38.39351786871039	9.822626299777756E-6
106.0	38.597421013874325	11.615515600645843	11.564416845071722	38.22023038740665	0.0024161530014621692
107.0	38.4394765368544	11.681864218429865	11.65568630097384	38.22084103578883	0.0021319079530568515
108.0	38.11553600622034	11.83366677255591	11.618069092803452	38.43214295192207	5.851764982384983E-4
109.0	37.886928807482676	11.907495985419454	11.537743676319623	38.667745651044335	8.587973391878646E-5
110.0	37.78527733981428	11.943537374266375	11.470947836501235	38.80022895685246	8.49256565558347E-6
111.0	37.91384675449475	11.945125263291025	11.458911315763762	38.68207790311577	3.876333469339367E-5
112.0	37.898017544389866	11.981587814201818	11.36839903676116	38.751927512848425	6.80917987347107E-5
113.0	37.7491533527061	12.010050599272677	11.356790016996046	38.882047037990425	0.0019589930347516738
114.0	37.84852272169967	11.924019165798079	11.418435330206847	38.80879770221035	2.2508008504830323E-4
115.0	38.07272421448249	11.793862158011162	11.475065047491755	38.65702139606268	0.0013271839519133069
116.0	38.158208074840914	11.664753598685722	11.502053734055833	38.674916771549526	6.782086800222786E-5
117.0	38.179323966797135	11.617847356577894	11.514563842947066	38.688264147616124	6.860617795339374E-7
118.0	38.173484028115624	11.615345373860734	11.483634051004223	38.727530705461575	5.841557845889121E-6
119.0	38.131951141796236	11.685172328626638	11.502171143767855	38.68070400840284	1.3774064271684713E-6
120.0	37.95099023043931	11.796444924290792	11.557360566359863	38.69520186212399	2.416786051294199E-6
121.0	37.795740205400236	11.894023472928623	11.57777948111382	38.73245303176959	3.8087877340885705E-6
122.0	37.74093789905394	11.933094840719578	11.628841734790733	38.69682716248	2.983629557500228E-4
123.0	37.863930748289306	11.860974483428802	11.660373559574861	38.61472051170654	6.970004928804135E-7
124.0	38.274286036635715	11.6649028879845	11.683404126582982	38.3774069487968	0.0
125.0	38.56964964506512	11.568605657834343	11.762815426707244	38.09892891885759	3.5153570817288496E-7
126.0	38.79737397636483	11.5378594664189	11.78096932771342	37.88101043436284	0.0027867951400069144
127.0	38.85042234644685	11.631778957279332	11.733458607042897	37.782662316335006	0.0016777728959196526
128.0	38.92437118062574	11.996100313263401	11.471232067869613	37.60814601577623	1.5042246501853108E-4
129.0	35.82971377009186	10.600006463165071	13.621836060940964	39.94843634151624	7.364285868696618E-6
