#Insert size (bp)	insert size
20.0	100.0
21.0	112.0
22.0	215.0
23.0	333.0
24.0	494.0
25.0	699.0
26.0	921.0
27.0	1254.0
28.0	1737.0
29.0	2602.0
30.0	3256.0
31.0	3085.0
32.0	3148.0
33.0	3278.0
34.0	3437.0
35.0	3758.0
36.0	4183.0
37.0	5106.0
38.0	6368.0
39.0	7873.0
40.0	9137.0
41.0	9547.0
42.0	9383.0
43.0	9090.0
44.0	9349.0
45.0	9220.0
46.0	9362.0
47.0	9678.0
48.0	10645.0
49.0	13103.0
50.0	14770.0
51.0	13665.0
52.0	12650.0
53.0	12509.0
54.0	12709.0
55.0	13285.0
56.0	13351.0
57.0	14297.0
58.0	16182.0
59.0	20866.0
60.0	25955.0
61.0	25826.0
62.0	20640.0
63.0	16349.0
64.0	15356.0
65.0	15483.0
66.0	16381.0
67.0	17257.0
68.0	19057.0
69.0	24106.0
70.0	32702.0
71.0	40118.0
72.0	41103.0
73.0	32698.0
74.0	25625.0
75.0	23796.0
76.0	23995.0
77.0	26086.0
78.0	29822.0
79.0	36390.0
80.0	42413.0
81.0	47634.0
82.0	50270.0
83.0	49957.0
84.0	46467.0
85.0	43049.0
86.0	42112.0
87.0	44205.0
88.0	47726.0
89.0	54770.0
90.0	66180.0
91.0	76010.0
92.0	75578.0
93.0	68263.0
94.0	61391.0
95.0	61678.0
96.0	64872.0
97.0	68959.0
98.0	74248.0
99.0	84564.0
100.0	103705.0
101.0	131885.0
102.0	152733.0
103.0	147077.0
104.0	119781.0
105.0	102201.0
106.0	100329.0
107.0	107967.0
108.0	118067.0
109.0	132275.0
110.0	157486.0
111.0	197462.0
112.0	257377.0
113.0	314062.0
114.0	326037.0
115.0	293246.0
116.0	267293.0
117.0	277411.0
118.0	321665.0
119.0	388285.0
120.0	459428.0
121.0	467234.0
122.0	490885.0
123.0	505329.0
124.0	550731.0
125.0	587758.0
126.0	602208.0
127.0	655002.0
128.0	816625.0
129.0	1085761.0
130.0	1097562.0
131.0	900176.0
132.0	955085.0
133.0	967813.0
134.0	955673.0
135.0	955238.0
136.0	1034884.0
137.0	1125259.0
138.0	1236288.0
139.0	1375112.0
140.0	1491734.0
141.0	1583563.0
142.0	1687396.0
143.0	1856903.0
144.0	2106148.0
145.0	2337785.0
146.0	2453835.0
147.0	2468251.0
148.0	2438394.0
149.0	2375059.0
150.0	2276022.0
151.0	2163956.0
152.0	2071841.0
153.0	2022964.0
154.0	1998998.0
155.0	1975861.0
156.0	1927255.0
157.0	1834657.0
158.0	1708217.0
159.0	1568501.0
160.0	1435192.0
161.0	1312367.0
162.0	1207750.0
163.0	1124308.0
164.0	1059601.0
165.0	1012235.0
166.0	972803.0
167.0	935747.0
168.0	892544.0
169.0	839556.0
170.0	780836.0
171.0	721950.0
172.0	665400.0
173.0	618057.0
174.0	577964.0
175.0	547909.0
176.0	524272.0
177.0	504709.0
178.0	489390.0
179.0	471647.0
180.0	452326.0
181.0	431208.0
182.0	405622.0
183.0	380415.0
184.0	358080.0
185.0	339012.0
186.0	321744.0
187.0	308682.0
188.0	296834.0
189.0	286756.0
190.0	275605.0
191.0	263552.0
192.0	249121.0
193.0	234099.0
194.0	220317.0
195.0	206499.0
196.0	193844.0
197.0	185265.0
198.0	176700.0
199.0	170374.0
200.0	164251.0
201.0	156996.0
202.0	149480.0
203.0	141603.0
204.0	133427.0
205.0	125521.0
206.0	118797.0
207.0	113405.0
208.0	109039.0
209.0	106091.0
210.0	102668.0
211.0	99260.0
212.0	95458.0
213.0	91697.0
214.0	89372.0
215.0	85479.0
216.0	82305.0
217.0	80025.0
218.0	78698.0
219.0	78163.0
220.0	77959.0
221.0	77342.0
222.0	76203.0
223.0	75796.0
224.0	74401.0
225.0	73321.0
226.0	72575.0
227.0	72216.0
228.0	73227.0
229.0	73588.0
230.0	74623.0
231.0	76283.0
232.0	76871.0
233.0	77783.0
234.0	78752.0
235.0	79242.0
236.0	79897.0
237.0	79889.0
238.0	81273.0
239.0	82748.0
240.0	84612.0
241.0	87361.0
242.0	90500.0
243.0	93349.0
244.0	95490.0
245.0	96593.0
246.0	97334.0
247.0	98294.0
248.0	100118.0
249.0	102959.0
250.0	108502.0
251.0	114142.0
252.0	119472.0
253.0	123561.0
254.0	126365.0
255.0	128530.0
256.0	131347.0
257.0	133897.0
258.0	138118.0
259.0	144720.0
260.0	154121.0
261.0	165851.0
262.0	177034.0
263.0	184616.0
264.0	189470.0
265.0	194263.0
266.0	199737.0
267.0	208715.0
268.0	219860.0
269.0	231988.0
270.0	244793.0
271.0	258415.0
272.0	272295.0
273.0	286543.0
274.0	299797.0
275.0	311684.0
276.0	328587.0
277.0	347025.0
278.0	367503.0
279.0	386607.0
280.0	402147.0
281.0	415477.0
282.0	429763.0
283.0	449767.0
284.0	472574.0
285.0	499621.0
286.0	525077.0
287.0	552125.0
288.0	574547.0
289.0	592315.0
290.0	610270.0
291.0	624798.0
292.0	638692.0
293.0	653499.0
294.0	671107.0
295.0	687406.0
296.0	698071.0
297.0	712179.0
298.0	722058.0
299.0	730214.0
300.0	738869.0
301.0	745525.0
302.0	750944.0
303.0	758883.0
304.0	761128.0
305.0	760469.0
306.0	759364.0
307.0	758137.0
308.0	755775.0
309.0	760131.0
310.0	765264.0
311.0	770246.0
312.0	772132.0
313.0	770055.0
314.0	765858.0
315.0	760069.0
316.0	749668.0
317.0	739482.0
318.0	734968.0
319.0	729229.0
320.0	726132.0
321.0	727533.0
322.0	726666.0
323.0	723761.0
324.0	720603.0
325.0	713358.0
326.0	707536.0
327.0	699639.0
328.0	693543.0
329.0	685971.0
330.0	682452.0
331.0	677123.0
332.0	671179.0
333.0	664448.0
334.0	656152.0
335.0	649927.0
336.0	640613.0
337.0	634281.0
338.0	627313.0
339.0	619225.0
340.0	613208.0
341.0	604561.0
342.0	595030.0
343.0	583137.0
344.0	572709.0
345.0	561987.0
346.0	551102.0
347.0	540851.0
348.0	531598.0
349.0	523474.0
350.0	513229.0
351.0	503868.0
352.0	490886.0
353.0	476535.0
354.0	461699.0
355.0	447949.0
356.0	434878.0
357.0	423083.0
358.0	412546.0
359.0	400634.0
360.0	392134.0
361.0	379885.0
362.0	368687.0
363.0	356734.0
364.0	343489.0
365.0	329448.0
366.0	318449.0
367.0	306429.0
368.0	295113.0
369.0	285612.0
370.0	276184.0
371.0	267053.0
372.0	257256.0
373.0	247359.0
374.0	236340.0
375.0	226659.0
376.0	217622.0
377.0	206591.0
378.0	199003.0
379.0	191085.0
380.0	184213.0
381.0	177426.0
382.0	171339.0
383.0	164483.0
384.0	157066.0
385.0	151284.0
386.0	144995.0
387.0	138786.0
388.0	133413.0
389.0	128059.0
390.0	122948.0
391.0	119699.0
392.0	115274.0
393.0	111208.0
394.0	106871.0
395.0	103416.0
396.0	98788.0
397.0	95698.0
398.0	92493.0
399.0	89609.0
400.0	87478.0
401.0	85029.0
402.0	82862.0
403.0	80799.0
404.0	79173.0
405.0	76879.0
406.0	74940.0
407.0	73742.0
408.0	72095.0
409.0	71379.0
410.0	70223.0
411.0	69751.0
412.0	69947.0
413.0	69433.0
414.0	68539.0
415.0	68046.0
416.0	67658.0
417.0	66757.0
418.0	66405.0
419.0	65805.0
420.0	66295.0
421.0	66821.0
422.0	67834.0
423.0	67820.0
424.0	69446.0
425.0	70257.0
426.0	70326.0
427.0	70045.0
428.0	70437.0
429.0	70411.0
430.0	71812.0
431.0	73692.0
432.0	75627.0
433.0	77467.0
434.0	78435.0
435.0	79337.0
436.0	78942.0
437.0	79195.0
438.0	79526.0
439.0	79904.0
440.0	80589.0
441.0	82707.0
442.0	85034.0
443.0	86644.0
444.0	88592.0
445.0	88607.0
446.0	88731.0
447.0	88589.0
448.0	88731.0
449.0	89273.0
450.0	91192.0
451.0	93151.0
452.0	96046.0
453.0	97481.0
454.0	97886.0
455.0	97987.0
456.0	97931.0
457.0	99217.0
458.0	100881.0
459.0	102606.0
460.0	104100.0
461.0	104524.0
462.0	103944.0
463.0	103256.0
464.0	102864.0
465.0	103073.0
466.0	103054.0
467.0	102464.0
468.0	102518.0
469.0	103404.0
470.0	103241.0
471.0	102838.0
472.0	102742.0
473.0	100531.0
474.0	100367.0
475.0	99856.0
476.0	100810.0
477.0	101036.0
478.0	101978.0
479.0	101389.0
480.0	102188.0
481.0	100879.0
482.0	101245.0
483.0	100452.0
484.0	100595.0
485.0	101724.0
486.0	101452.0
487.0	101699.0
488.0	101319.0
489.0	103035.0
490.0	102107.0
491.0	102457.0
492.0	102984.0
493.0	102812.0
494.0	103224.0
495.0	104083.0
496.0	103830.0
497.0	103978.0
498.0	104820.0
499.0	104518.0
500.0	105240.0
501.0	104806.0
502.0	105030.0
503.0	105085.0
504.0	105792.0
505.0	105706.0
506.0	105581.0
507.0	104865.0
508.0	105879.0
509.0	105291.0
510.0	105452.0
511.0	105375.0
512.0	104655.0
513.0	104553.0
514.0	103874.0
515.0	103711.0
516.0	103548.0
517.0	103572.0
518.0	103184.0
519.0	101802.0
520.0	101393.0
521.0	100311.0
522.0	100325.0
523.0	100497.0
524.0	99164.0
525.0	98935.0
526.0	98139.0
527.0	97706.0
528.0	96499.0
529.0	96270.0
530.0	95257.0
531.0	94206.0
532.0	92880.0
533.0	92037.0
534.0	91286.0
535.0	90200.0
536.0	88943.0
537.0	88519.0
538.0	86446.0
539.0	85988.0
540.0	84939.0
541.0	83170.0
542.0	82483.0
543.0	81435.0
544.0	79302.0
545.0	78042.0
546.0	77667.0
547.0	75925.0
548.0	74606.0
549.0	73006.0
550.0	72201.0
551.0	70223.0
552.0	68990.0
553.0	68042.0
554.0	66513.0
555.0	65193.0
556.0	63979.0
557.0	62512.0
558.0	61124.0
559.0	60153.0
560.0	58677.0
561.0	56562.0
562.0	56101.0
563.0	54386.0
564.0	53464.0
565.0	52249.0
566.0	50803.0
567.0	49982.0
568.0	48420.0
569.0	47380.0
570.0	46034.0
571.0	44867.0
572.0	43826.0
573.0	42903.0
574.0	41694.0
575.0	41043.0
576.0	39475.0
577.0	38672.0
578.0	38191.0
579.0	37238.0
580.0	36168.0
581.0	35709.0
582.0	34804.0
583.0	34096.0
584.0	33296.0
585.0	32559.0
586.0	31833.0
587.0	31148.0
588.0	30724.0
589.0	30147.0
590.0	29382.0
591.0	28917.0
592.0	28420.0
593.0	28265.0
594.0	27599.0
595.0	27333.0
596.0	27119.0
597.0	26407.0
598.0	26108.0
599.0	25996.0
600.0	25646.0
601.0	25350.0
602.0	24607.0
603.0	24605.0
604.0	24249.0
605.0	23976.0
606.0	23919.0
607.0	23895.0
608.0	23672.0
609.0	23679.0
610.0	23326.0
611.0	23093.0
612.0	23236.0
613.0	23402.0
614.0	22748.0
615.0	22979.0
616.0	22620.0
617.0	23028.0
618.0	22704.0
619.0	22471.0
620.0	22365.0
621.0	22420.0
622.0	22210.0
623.0	22173.0
624.0	22311.0
625.0	22269.0
626.0	22300.0
627.0	22058.0
628.0	21801.0
629.0	22329.0
630.0	21775.0
631.0	21872.0
632.0	21902.0
633.0	21896.0
634.0	21680.0
635.0	21813.0
636.0	21614.0
637.0	21547.0
638.0	21692.0
639.0	21435.0
640.0	21355.0
641.0	21610.0
642.0	21380.0
643.0	21496.0
644.0	21346.0
645.0	21299.0
646.0	21197.0
647.0	21460.0
648.0	21554.0
649.0	21531.0
650.0	21668.0
651.0	21728.0
652.0	21658.0
653.0	21489.0
654.0	21409.0
655.0	21696.0
656.0	21769.0
657.0	21534.0
658.0	21469.0
659.0	21906.0
660.0	21957.0
661.0	21960.0
662.0	22074.0
