# Position (bp)	A	C	G	T	N
0.0	38.66244187169474	11.210403981454133	11.893976275435255	38.23311241049087	6.546092500203299E-5
1.0	39.191348499722686	11.06787790173623	11.818668035023896	37.911588269771094	0.0105172937460875
2.0	39.164985962160785	11.071573882484389	11.551087396471129	38.212352758883696	0.0
3.0	39.355398416193985	11.07162511277352	11.357134075620756	38.215842110799024	2.8461271740014346E-7
4.0	39.25354975527234	11.091811269755125	11.147326972573044	38.50731200239949	0.0
5.0	38.48852101695858	11.205429520379415	11.192629348027062	39.11341840695864	1.7076763044008604E-6
6.0	38.49034794599157	11.396475237708827	11.187158806985913	38.92594486384532	7.314546837183686E-5
7.0	38.76133767567336	11.289375187538434	11.301683264502405	38.64755292660939	5.094567641462568E-5
8.0	38.524319035327736	11.355383992021464	11.3463899455389	38.7739021886957	4.838416195802439E-6
9.0	39.11254606897981	11.163792956725512	11.557926640070253	38.16570644217812	2.7892046305214054E-5
10.0	38.68482153888935	11.327793635196693	11.439962353251264	38.54740511128693	1.736137576140875E-5
11.0	38.34293392746504	11.446339670410048	11.224058845796842	38.98663425664014	3.329968793581678E-5
12.0	38.05385535191617	11.545705654597809	11.003084962781935	39.397350899964195	3.1307398914015774E-6
13.0	38.01757975340722	11.390421809822444	10.944480927367506	39.64751551711381	1.9922890218010038E-6
14.0	37.985139595877946	11.456449967970254	11.05255406841869	39.50538817981299	4.681879201232359E-4
15.0	38.28475368038682	11.375644432922309	11.207814290338511	39.131721566201925	6.603015043683327E-5
16.0	38.502776983360434	11.55252668298302	11.18166151234933	38.762755616231445	2.7920507576954074E-4
17.0	38.674392475085654	11.457102015705818	11.481564763379078	38.38692964593347	1.1099895978605594E-5
18.0	38.45303948793117	11.529022226329246	11.41413061840731	38.6036297843839	1.7788294837508964E-4
19.0	38.39041785939792	11.545309473695188	11.183278681809597	38.88092852417229	6.546092500203299E-5
20.0	38.55293482880804	11.504439797817152	10.984432641140963	38.95798211786686	2.106143669753667E-4
21.0	38.17683504777242	11.598614375068431	10.887787463419416	39.33660600604995	1.5710768978188406E-4
22.0	38.37202975225693	11.51951669317968	10.898496847070898	39.209786221969075	1.7048552341674165E-4
23.0	38.61123338959978	11.444472738066294	11.045485802790072	38.89874431497054	6.375457330908414E-5
24.0	38.620299155650095	11.428298965295806	11.121187029746215	38.83016134062699	5.350868090115222E-5
25.0	39.19201898075963	11.117330409321072	11.385536114776771	38.305111364289004	3.1308535220160997E-6
26.0	39.199131722766396	11.156816197950379	11.201727589892545	38.44231965075183	4.83863885149886E-6
27.0	38.96011752770946	11.183073998306423	11.30632582802083	38.550482645963285	0.0
28.0	38.97967640883688	11.254995769666179	11.26528953262667	38.50003828887027	0.0
29.0	38.895189797710984	11.365085000929417	11.30283874493775	38.436886456421846	0.0
30.0	38.73723304103845	11.433349455206821	11.366167312711028	38.46318500711593	6.518392776687164E-5
31.0	38.70767866993217	11.466628908040121	11.136974476073082	38.68871680734337	1.1386112582220577E-6
32.0	38.639712742129035	11.345747266121599	11.070812371572385	38.94371452582964	1.3094347337349726E-5
33.0	38.94847651841544	11.070216845094787	11.119804680021156	38.86145413242979	4.782403882769947E-5
34.0	39.219653463618336	10.984122885357694	11.171468254309524	38.62473774690093	1.7649813517336852E-5
35.0	39.233257349571474	10.914278948113855	11.346698910835643	38.50575084203472	1.3949444304385382E-5
36.0	39.24428521182969	10.989916501817026	11.307249829714651	38.40917840254065	0.0493700540979821
37.0	38.913940277902356	11.164164254259898	11.321833269597134	38.60006162883694	5.694036711083171E-7
38.0	38.74139672264672	11.294119555650584	11.312374877425798	38.652106851275676	1.9930012231589463E-6
39.0	38.902395064931426	11.27456204899557	11.40964797979286	38.41324827058142	1.466356987256532E-4
40.0	38.59382367511922	11.458739302180309	11.268446434946044	38.67893904858424	5.153917019219506E-5
41.0	38.61363447370416	11.312846943550202	10.99652308443859	39.076993789718244	1.7085888008189196E-6
42.0	38.82821295401058	11.123035530443763	11.101873046563636	38.94685112984713	2.7339134885712636E-5
43.0	38.86030438301748	11.056447676230066	11.328351229225966	38.75489186992379	4.841602695804381E-6
44.0	38.82459146532013	11.17044700165616	11.276675360457368	38.72825000065509	3.617191125201637E-5
45.0	38.981682548058075	11.085054117074037	11.297925788096915	38.63533669226275	8.545082251757349E-7
46.0	38.82332906222309	11.196236561475281	11.173473309293499	38.80695850332221	2.56368592496804E-6
47.0	38.843414108308885	11.162524490113004	11.241947564356636	38.75210415155019	9.685671280275703E-6
48.0	38.66288863626225	11.284711567422553	11.150327548013456	38.90207053894385	1.7093578894521673E-6
49.0	38.707000309727796	11.173930796049895	11.314711236014254	38.80434255759621	1.5100611843741512E-5
50.0	38.46066477840903	11.261735054358287	11.27824301872021	38.99935714851247	0.0
51.0	38.51695895851214	11.269345115766141	11.251689260051286	38.958026211603496	0.003980454066935046
52.0	38.60997416748281	11.197795124523553	11.110638244196615	39.00405182125621	0.07754064254080986
53.0	38.57335651048042	11.205094668226023	11.023914912091689	39.19740789088983	2.2601831203784332E-4
54.0	38.76994367808466	11.159818716930374	11.052885962818856	39.0173510720846	5.700815095416324E-7
55.0	38.85239363672192	11.171268415685603	11.159675633457235	38.81662981660226	3.249753298826712E-5
56.0	38.67631730003056	11.246782853830144	11.180091418611214	38.896808427528086	0.0
57.0	38.80071968256862	11.1061409244757	11.378649540302215	38.714488997297806	8.55355662358685E-7
58.0	38.99255726637587	11.058993579865719	11.41199537486946	38.536453778888955	0.0
59.0	39.01563088044665	11.039187576662638	11.34180046069064	38.60338108220007	0.0
60.0	38.83429864525462	11.092369822939723	11.208631108800349	38.864689584175125	1.0838830189017219E-5
61.0	38.668285755944545	11.161446272436914	11.069695819678353	39.10057215194019	0.0
62.0	38.60482045505342	11.271088943407499	11.186699716408157	38.93739088513093	0.0
63.0	38.745376196862665	11.229766468260074	11.143443995881649	38.8814127683006	5.706950179885781E-7
64.0	38.889906591926696	11.164630295540135	11.193503629900883	38.7516253058064	3.341768258918789E-4
65.0	39.05639825733868	11.080604915933897	11.228687620703603	38.63430920602382	0.0
66.0	39.37778389532174	11.001090371147072	11.398679064352478	38.22244609829928	5.708794294567043E-7
67.0	39.386891210905596	11.05427704520514	11.487550410521333	38.07127819316803	3.1401999146613565E-6
68.0	39.11391360173951	11.217254150466216	11.389171179211608	38.279651932306194	9.136276465644469E-6
69.0	38.841018450044274	11.358527142336225	11.35739578208166	38.443058054432214	5.711056307751326E-7
70.0	38.63238117103437	11.360767861731413	11.292471541310027	38.71437856908917	8.568350232481048E-7
71.0	38.55095524160231	11.39341404765365	11.31189134046247	38.7437370848198	2.28546177483762E-6
72.0	38.35382793346303	11.54773502827313	11.276523671075838	38.82190993812257	3.429065429534537E-6
73.0	38.415290799862234	11.496730218133749	11.225628617848518	38.862348649268675	1.7148868311167875E-6
74.0	38.59105099712647	11.444850276784372	11.286751402681563	38.67734446478693	2.8586206578456247E-6
75.0	38.913033489556575	11.28981562685027	11.368211485546672	38.428937682607256	1.7154392295374596E-6
76.0	38.90752283749331	11.25952958677172	11.381140746858536	38.451804827216094	2.001660342940292E-6
77.0	38.8284086075263	11.268733832562718	11.287834936012876	38.615022623898106	0.0
78.0	38.73724215686379	11.310970455703028	11.264485044827635	38.687298909942356	3.4326631827004258E-6
79.0	38.70551507769541	11.366830795423319	11.201239003119705	38.72641512376157	0.0
80.0	38.500874004527255	11.503974922052915	11.138830501987124	38.85631427505468	6.296378029431097E-6
81.0	38.519299782726925	11.507193061891854	11.126177399681001	38.847329755700216	0.0
82.0	38.51042822028686	11.463853929287797	11.103377900640863	38.92233994978447	0.0
83.0	38.39568953871583	11.434289099085241	11.11077206769268	39.05924814865918	1.1458470769335076E-6
84.0	38.43263746130262	11.355867807537669	11.10930371364456	39.102191017515146	0.0
85.0	38.47869518900096	11.27072022541539	11.031224914366062	39.21935967121759	0.0
86.0	38.706754128202135	11.268083185037941	10.987976526461836	39.037186160298084	0.0
87.0	38.99649977449034	11.235083136941004	11.00217774672885	38.76623905506136	2.8677844103035283E-7
88.0	39.02016759285038	11.285823133773926	11.085012931926395	38.608988022395316	8.319053987932307E-6
89.0	39.10643289947664	11.283576063865537	11.163609043712174	38.446306521956394	7.547098926308098E-5
90.0	39.046194167837086	11.28887899827711	11.151248484012438	38.51363126873418	4.708113917880336E-5
91.0	38.88906000474559	11.266373444296216	11.151660367378826	38.692891248439324	1.49351400471816E-5
92.0	38.518832625588146	11.319744565603171	11.08415031106135	39.077268762229025	3.7355183042710056E-6
93.0	38.503822194097786	11.329382232368882	11.050800873220554	39.113407191488776	0.0025875088240059005
94.0	38.64766095386319	11.289830917163991	11.035581335981066	39.024987644651496	0.0019391483402553854
95.0	38.86205463188604	11.264707549784502	11.139377213408569	38.73294948295022	9.111219706697669E-4
96.0	39.14319592374713	11.192332954540209	11.208973292880074	38.45545955003917	3.8278793420657105E-5
97.0	39.42417370956747	11.044976439750076	11.20808104492055	38.32276851782675	2.879351434612234E-7
98.0	39.34736861954709	11.049422459386447	11.239756325845539	38.36344654577941	6.049441515127221E-6
99.0	39.03467177624454	11.183470838697978	11.280399478044544	38.501457330574866	5.76438078551805E-7
100.0	38.60733754455379	11.352835909974953	11.191932842050589	38.84789370342067	0.0
101.0	38.269920028989524	11.501357472622274	11.09323549500981	39.13548382839881	3.174979581489836E-6
102.0	38.25471387462026	11.490848591093604	11.043223011872975	39.21120932218106	5.200232106004212E-6
103.0	38.40469740398328	11.405770471967452	11.005934684928972	39.1835974391203	0.0
104.0	38.613752329494574	11.302140043045497	10.963056265622383	39.12104991496898	1.4468685698447878E-6
105.0	38.90264581222488	11.208602265837953	11.04095253944842	38.84778808970807	1.1292780679935546E-5
106.0	38.985843278388224	11.188106092822851	11.134238306085278	38.689458466415864	0.002353856287784533
107.0	38.86541969062633	11.247868883454757	11.230160082394896	38.654460314458824	0.0020910290651909302
108.0	38.59804447160377	11.376066361317289	11.20417785570532	38.82117597959521	5.353317784126152E-4
109.0	38.40172388822354	11.432443422296481	11.145959047261545	39.019785072512946	8.856970548203325E-5
110.0	38.31074713476806	11.46948272304717	11.098667816094203	39.12109476845298	7.557637589110469E-6
111.0	38.40489439639955	11.48737543230558	11.08098791652932	39.02670121869165	4.1036073904537205E-5
112.0	38.363079091482064	11.528491312358831	10.988305567349586	39.12006368820078	6.0340608744336563E-5
113.0	38.201724142750194	11.564688879854902	10.960594231033829	39.271059534601136	0.0019332117599476486
114.0	38.28197449269028	11.48896612588397	11.013318125855498	39.215518829320075	2.2242625017944456E-4
115.0	38.49946723725588	11.35592548087168	11.060386029935398	39.0829748055298	0.00124644640724226
116.0	38.59671023497647	11.230063402633865	11.077371886503396	39.095791326086584	6.314979969001027E-5
117.0	38.655592273463384	11.16695160309665	11.090936285581298	39.08651895510584	8.827528308051573E-7
118.0	38.69736772287483	11.146500065409114	11.074503008310607	39.08162625472455	2.9486809068591466E-6
119.0	38.656753717237784	11.216517745625415	11.09513047428158	39.0315954022734	2.660581809644737E-6
120.0	38.465493130968134	11.325311795259434	11.149684558177132	39.059507253645414	3.261949889498779E-6
121.0	38.298849428445145	11.422370440629406	11.181618231667457	39.09715803116949	3.868088505780708E-6
122.0	38.23181103775121	11.473886396049652	11.217912148307722	39.07609626807408	2.9414981733460587E-4
123.0	38.36215053575191	11.39827848487111	11.23920792922751	39.00036245058686	5.995626100825057E-7
124.0	38.7414448299843	11.219575199686002	11.25208591020447	38.78689406012522	0.0
125.0	39.01481250046887	11.125067423108895	11.311568235764623	38.54855123517186	6.054857505498128E-7
126.0	39.259827474383236	11.085437303304973	11.322060457121964	38.329914764346675	0.0027600008431549997
127.0	39.333349036480044	11.165437043230568	11.278346803794614	38.221218160765616	0.001648955729151148
128.0	39.39934192044278	11.496835473057697	11.035650149124617	38.068031870536174	1.4058683873125906E-4
129.0	36.35874680894081	10.172149736438994	13.098258870241825	40.370829993444175	1.4590934200845692E-5
