# Position (bp)	A	C	G	T	N
0.0	38.596621908697735	11.203387287860169	12.008273018200724	38.19136892637053	3.4885887084301365E-4
1.0	39.22482275819336	11.04274401984459	11.906273411863339	37.82614455185784	1.5258240871861431E-5
2.0	39.172213730779994	11.055400383869598	11.65490880496209	38.11747708038832	0.0
3.0	39.34714703492847	11.087021354185522	11.458401388555405	38.107429181996	1.040334604899643E-6
4.0	39.24070970794479	11.119576198198446	11.247211383091567	38.39186637276521	6.363379999969484E-4
5.0	38.435743178283246	11.248960532340604	11.271676238438587	39.043618317046544	1.7338910081660718E-6
6.0	38.42835402836285	11.4508839307004	11.262724159163428	38.85803788177332	0.0
7.0	38.75231179688119	11.327893839818156	11.403023337201992	38.51661081456951	1.6021152915454505E-4
8.0	38.493823325383794	11.392888050702856	11.448966940801771	38.664317521773164	4.161338419598572E-6
9.0	39.12270247304181	11.192433258026979	11.656991554841099	38.027869593086294	3.121003814698929E-6
10.0	38.633417503338435	11.368413832344391	11.506083738058171	38.492084926259004	0.0
11.0	38.27511586206494	11.478834600530238	11.270649428183551	38.97539872210846	1.3871128065328573E-6
12.0	38.001732573251005	11.595692612473002	11.06968868611149	39.33288612816451	0.0
13.0	37.96568220496561	11.435548705067774	11.03435268092147	39.56439248134922	2.392769591269179E-5
14.0	37.91989499833477	11.510887309707197	11.167130586544811	39.402087105413216	0.0
15.0	38.18729220183212	11.450022533647543	11.324677125219806	39.03795716290489	5.0976395640082505E-5
16.0	38.382008855605584	11.657220428454178	11.266690608233707	38.69397503391144	1.0507379509486396E-4
17.0	38.575344291801926	11.541354202168085	11.577361569956468	38.30593785540431	2.080669209799286E-6
18.0	38.31070085400374	11.62683433531427	11.504656745758451	38.557807718145334	3.4677820163321433E-7
19.0	38.23960820166512	11.651562048538128	11.272187042729593	38.836642013510755	6.935564032664287E-7
20.0	38.45786569555615	11.593800428533877	11.057286074110332	38.89104745502036	3.4677927551477157E-7
21.0	38.05136151306537	11.683883132080743	10.961560466085555	39.30319488876833	0.0
22.0	38.27217760713419	11.589065432156211	10.975768945690886	39.16298801501872	0.0
23.0	38.527341159276375	11.519936236938982	11.130670306515654	38.822052297268996	0.0
24.0	38.48209442474428	11.521838278217041	11.219965309748726	38.77582594729548	2.7603999446380287E-4
25.0	39.107614200872135	11.20850328860461	11.518938874799217	38.16487427866973	6.93570543151842E-5
26.0	39.11490966690299	11.266393130514864	11.306039874096985	38.31265490097782	2.4275073480647426E-6
27.0	38.799820192976036	11.302555391310007	11.410633737848045	38.48699067786591	0.0
28.0	38.83659895826484	11.37234933788899	11.359672427099317	38.43098567002421	3.9360672264468645E-4
29.0	38.77500785830471	11.478862547500087	11.391418273492308	38.354709239951426	2.08075146755401E-6
30.0	38.63618266498568	11.541813077235188	11.441921101187415	38.38007309956117	1.005703054181111E-5
31.0	38.59821289060116	11.579020973258821	11.228572617984637	38.59418554183388	7.976321505849598E-6
32.0	38.535791429659625	11.450676127601604	11.162720963659464	38.85077922677479	3.225230452079373E-5
33.0	38.870141103438584	11.146643399702047	11.226490996774205	38.75671687045028	7.629634883545206E-6
34.0	39.189666026555834	11.049827413114405	11.293766885778409	38.466739674551356	0.0
35.0	39.1827701309404	10.990024924285182	11.474510706600041	38.35269111690774	3.1212666399666584E-6
36.0	39.1702386200287	11.082879412501617	11.43608804446379	38.310430812235715	3.631107701761858E-4
37.0	38.77457235459526	11.279671824916226	11.444186988797934	38.45828918532184	0.043279646368748814
38.0	38.63537496022819	11.416863312858426	11.430489105145895	38.51725562767713	1.699409036056802E-5
39.0	38.77948175592692	11.405714810823694	11.514118065437184	38.30057507818884	1.102896233602079E-4
40.0	38.43683725885707	11.60187859782372	11.371562803462322	38.589721339856894	0.0
41.0	38.4731571429551	11.442907787216749	11.07785251594318	39.006082207052295	3.4683268215323846E-7
42.0	38.72625839430835	11.22175026531708	11.197983201727329	38.85400813864724	0.0
43.0	38.81746170763917	11.130967281565482	11.46323710478992	38.58833390600543	0.0
44.0	38.782145659141186	11.248448926562475	11.41251214310145	38.55689327119489	0.0
45.0	38.94654053332262	11.167686585349129	11.432229521935069	38.453543012539875	3.4685330759903773E-7
46.0	38.763910563281875	11.284921445081144	11.32327779471586	38.62789019692112	0.0
47.0	38.74352544604622	11.26722042813297	11.380387178494665	38.60886660046126	3.4686488635211336E-7
48.0	38.51493419337558	11.421737318333248	11.278818315913943	38.78451017237723	0.0
49.0	38.577436799087366	11.303016786719178	11.431288603811423	38.688257810382034	0.0
50.0	38.349948788023696	11.376676057682586	11.390243203163122	38.88313195113059	0.0
51.0	38.421018630223436	11.379778879083117	11.35368045153159	38.8454675763774	5.446278445370294E-5
52.0	38.57264443807304	11.305847124513544	11.232246760768595	38.888938014463506	3.236621813136044E-4
53.0	38.49012360119139	11.29957836388636	11.151619471690223	39.05867856323202	0.0
54.0	38.701153135263056	11.248978778825025	11.184115054709743	38.865749215076775	3.816125395882247E-6
55.0	38.79412062870821	11.263837131392998	11.292622858806748	38.6494169525901	2.428501945165876E-6
56.0	38.60561187655644	11.341659507146838	11.313538480492996	38.73918874805335	1.3877503746266829E-6
57.0	38.72488110965465	11.20111329287775	11.51571332378798	38.558292273679626	0.0
58.0	38.89928376369415	11.163472633645819	11.56490706657633	38.362594272035174	0.009742264048525004
59.0	38.88448215621282	11.16878366213915	11.49164325703663	38.455034020763506	5.690384789579251E-5
60.0	38.70297897691418	11.221150970034554	11.320592722813808	38.75496295300241	3.143772350408364E-4
61.0	38.55768982486827	11.273241623086555	11.172062175707529	38.99697479799237	3.1578345279508105E-5
62.0	38.50842979936331	11.377024046962152	11.31314427667502	38.801329347476276	7.252952323786755E-5
63.0	38.62795710045079	11.345948629443491	11.277165119050986	38.74839852013318	5.306309215539053E-4
64.0	38.76681406278702	11.279312825917556	11.33635588698033	38.61403207312934	0.00348515118575085
65.0	38.9746905140987	11.186473504972618	11.374140884594249	38.46469509633444	0.0
66.0	39.317278366187374	11.097655485925584	11.55953462550929	38.025531522377754	0.0
67.0	39.31471499905307	11.154606347913441	11.64410113831605	37.88657751471744	0.0
68.0	39.00341508738261	11.331608815632627	11.523887894839062	38.14108820214569	0.0
69.0	38.68180211973287	11.494026164376736	11.481713518951423	38.34245819693896	0.0
70.0	38.47157013934528	11.497681819877412	11.414528086044037	38.616219954733275	0.0
71.0	38.41180627546028	11.520565361814457	11.442051374723723	38.625576988001534	0.0
72.0	38.20388021967057	11.67987508525324	11.412354850039858	38.70388984503633	0.0
73.0	38.25514577198127	11.627031146825411	11.369999479070577	38.747823602122736	0.0
74.0	38.46699653665201	11.566982240290246	11.425239331743752	38.54077459831499	7.292999006422652E-6
75.0	38.78323234057732	11.41533433954876	11.535849856864553	38.26428314572743	0.0013003172819317818
76.0	38.77722635235083	11.389904637786378	11.55928198185497	38.27189935367422	0.001687674333606646
77.0	38.699933430199856	11.39932590435557	11.44548932082131	38.45398558473161	0.001265759891656511
78.0	38.58804637324406	11.447316693643636	11.393874337839618	38.569638458409	0.001124136863677048
79.0	38.52500652839309	11.518073014304347	11.314890632687346	38.64127939467097	7.504299442448617E-4
80.0	38.329930992907975	11.65242883124503	11.261012097414632	38.756627730969356	3.4746301046907094E-7
81.0	38.36932916943466	11.643958153536941	11.250595568215603	38.73610703107543	1.0077737372537733E-5
82.0	38.362943887613596	11.596927777202403	11.23761531459328	38.80251128282401	1.7377667140427056E-6
83.0	38.25870475250415	11.558580557500477	11.241231831906337	38.930742112003024	0.01074074608600956
84.0	38.29963509100055	11.475032472890259	11.246934407972109	38.97668452371883	0.0017135044182497628
85.0	38.334138599226186	11.400897584753041	11.176487141742669	39.08845616134519	2.0512932910498973E-5
86.0	38.57174222705871	11.401622129677499	11.137999448040999	38.88862089567509	1.5299547706077788E-5
87.0	38.83771774277987	11.373383332580547	11.141714656113034	38.64717383571061	1.0432815941242603E-5
88.0	38.83047435199836	11.442286624865874	11.219605941993658	38.50645053531675	0.001182545825346294
89.0	38.92808367516192	11.428919230901272	11.276933121196441	38.366061189844665	2.782895706575985E-6
90.0	38.87591052030343	11.431586215011647	11.245108191517467	38.44472995324455	0.0026651199229161034
91.0	38.72884719843185	11.396945365644005	11.249426880567409	38.62245835851802	0.002322196838716501
92.0	38.37522769271347	11.441035638492211	11.181830713269706	39.001888552049266	1.7403475339670504E-5
93.0	38.35280588982381	11.44061383011173	11.170421434201373	39.03615606080514	2.7850579385698794E-6
94.0	38.517598958950785	11.39970660393378	11.169601388704425	38.91309304841101	0.0
95.0	38.76314246111923	11.364762755919784	11.267691763868251	38.59607397199562	0.008329047097113436
96.0	39.048276819315916	11.29814892490763	11.336431128197175	38.31675789873689	3.8522884238994094E-4
97.0	39.31683779368986	11.15807612255944	11.342140435679468	38.182771809243626	1.738388276128311E-4
98.0	39.22500231028509	11.168352450883631	11.354517472450654	38.23827110832507	0.0138566580555518
99.0	38.879710785605916	11.305796927659241	11.38811162315621	38.42627471055429	1.0595302434647844E-4
100.0	38.44407620917874	11.478113174733311	11.295276739484377	38.78218524086438	3.486357391948912E-4
101.0	38.119762731250376	11.616716583906461	11.17334351383909	39.09017542712975	1.7438743188383313E-6
102.0	38.11834456934655	11.596912544035137	11.109614701330482	39.1750992232683	2.8962019539069457E-5
103.0	38.276920500246234	11.506412267313113	11.090405358046752	39.126261176194824	6.981990778661354E-7
104.0	38.49923618808789	11.400694093304754	11.063901492045808	39.036166829647016	1.3969145315025948E-6
105.0	38.823212010862754	11.292567458259024	11.14610876511879	38.738111067091126	6.986683067672278E-7
106.0	38.9273006578667	11.27506040853895	11.258888869219536	38.53875006437481	0.0
107.0	38.78232820069926	11.344334241450829	11.36452050780299	38.508817050046915	0.0
108.0	38.47011260274461	11.49073261684699	11.317682519683768	38.72147226072464	0.0
109.0	38.24389789932805	11.55744588715256	11.246302456128419	38.95235375739097	0.0
110.0	38.151720423713655	11.595876987481175	11.197702650833536	39.05469993797163	0.0
111.0	38.272647103143065	11.593212004417193	11.1660367029195	38.96810418952024	0.0
112.0	38.261960345992655	11.625564071460483	11.073448400822429	39.039027181724435	0.0
113.0	38.096324597601814	11.65672761995396	11.041325110803099	39.20562267164112	0.0
114.0	38.18469815672135	11.576108852267357	11.098551058361341	39.14064193264995	0.0
115.0	38.41624941281053	11.446639985242268	11.157841363630489	38.97926923831672	0.0
116.0	38.518930997444066	11.312134727244805	11.178352750426244	38.99058152488488	0.0
117.0	38.56817850827548	11.25583881225643	11.188574395069322	38.987408284398775	0.0
118.0	38.577365831556335	11.246718531939218	11.17130362873542	39.004612007769026	0.0
119.0	38.53525438052223	11.322812412507611	11.187358401481964	38.95457339143408	1.4140541127258343E-6
120.0	38.35897237965273	11.421896715222724	11.223619260528784	38.995511644595766	0.0
121.0	38.20259426499475	11.515016396672024	11.225850080599493	39.05652612199187	1.3135741859411549E-5
122.0	38.15911187199701	11.551508692525601	11.248006065127198	39.041373370350186	0.0
123.0	38.28415302886123	11.46911231971319	11.284931567456516	38.96180308396906	0.0
124.0	38.69111520538399	11.279881617406108	11.301474340849774	38.727528836360136	0.0
125.0	39.00377128445242	11.159815008573933	11.373090448399994	38.46332325857365	0.0
126.0	39.24925549164032	11.12876973780717	11.378399491177484	38.24357527937503	0.0
127.0	39.31870726565563	11.21622204102645	11.334647644747228	38.13042304857069	0.0
128.0	39.37643965131363	11.55522667153725	11.073307132459082	37.995026544690035	0.0
129.0	36.194791861582125	10.178675995499658	13.22598313552218	40.40054900739604	0.0
